Here log for real horse accelerometer data. Accelerometer located on halter on the horse head,
between ears. Here free walk.
z - vertical axis, x - from left to right side of the horse, y - from head to tale. 
ax,ay,az - accelerometer data, gx,gy,gz - gyroscope data. ts - timestamp in milliseconds real gyroscope data multiplyed by 10 000
frequency - 10 Hz

Here link on youtube video  of this set 
https://www.youtube.com/watch?v=d2IUOKfblZQ
https://www.youtube.com/watch?v=eULXeQzOwss
https://www.youtube.com/watch?v=iKY964PpItg
https://www.youtube.com/watch?v=N-dKfCw98-U


----------------------------------------------------------------------------

Enter command>

Starting measure, name: alastemp


ax;ay;az;gx;gy;gz;ts

52,-24,1028,3325,-23100,262,73
68,-32,1020,4550,-9537,-350,166
60,-20,1024,-3587,-9012,7700,260
56,-32,1020,1137,-8400,10675,353
64,-32,1024,-175,-7962,-7087,446
48,-28,1032,4987,-20825,-350,540
56,-16,1016,700,-13912,-3150,633
64,-20,1020,5075,-7525,-7262,726
56,-12,1016,-3237,-14350,-7700,819
56,-20,1012,-6825,-17937,-3500,913
48,-16,1012,-5512,-20474,-3062,1006
76,-16,1008,-7700,4900,-10937,1099
40,-16,1016,-14437,-21087,-13912,1192
60,-28,1036,-7525,-23800,-16800,1285
76,-28,1024,-5250,9012,6299,1378
56,-20,1020,-1750,-11200,-31500,1471
64,-24,1024,-1312,-787,25111,1565
56,-20,1020,7962,-21525,-23712,1658
64,-32,1032,175,-19162,-31150,1751
68,-24,1052,-30712,21612,-27649,1844
80,-28,1080,25374,-16271,-24853,1938
-44,-32,1036,12861,-9801,2186,2031
-64,-32,992,11287,-10853,-20300,2124
100,0,984,26512,-18464,-351,2219
104,-16,996,15925,12774,29311,2313
100,-16,1036,4112,-16100,1662,2407
96,-60,1052,13037,2800,3587,2501
56,-20,1028,-21436,-18812,-14962,2595
88,28,996,26600,29574,-15487,2689
104,-12,1000,31761,30624,-14962,2783
88,-8,1012,25111,-7962,-5862,2877
84,-48,1016,-22400,-8487,-6037,2971
100,-32,1032,7962,-14262,-17237,3065
84,-28,1024,25987,-23450,4287,3159
116,-20,1020,17587,-15050,-5600,3253
84,-16,1032,8837,-14350,1225,3348
88,-8,1020,-20300,-24412,-5600,3442
92,-12,1008,-29224,-13650,-27475,3536
92,-8,1004,-20650,-18550,-15662,3630
100,-24,1008,-15837,-17675,-9012,3724
96,-32,1036,-6475,-6825,3062,3818
100,-36,1036,32112,4287,22487,3912
80,-24,1052,1664,9712,24150,4006
80,-4,1044,19951,787,19600,4100
64,20,1032,-20910,3675,32637,4194
52,-8,1092,-10758,23274,-12510,4288
88,-20,1124,2807,-14000,9628,4382
-60,144,1144,-1738,31935,23365,4476
204,228,1072,-25451,14783,1665,4570
64,316,1024,17679,15837,-5155,4664
152,236,772,-29485,-31849,22843,4758
4,444,868,4378,8050,25726,4852
12,580,1084,-2885,-7704,31586,4946
180,368,848,16192,-2454,-19514,5039
116,736,792,-10497,4982,29224,5133
332,508,596,8054,-19776,11196,5227
212,752,632,6650,-23803,14435,5321
188,572,624,-30717,-20565,-18376,5415
520,504,764,-22056,-8925,-32632,5509
280,456,956,-16715,31499,23625,5697
408,152,1076,14876,7350,2889,5791
380,304,888,3,32726,-22222,5885
244,664,732,-24678,-11986,6390,5979
436,328,760,-29314,3678,-20122,6072
328,352,988,32371,8932,-28522,6166
76,220,980,7696,-6299,-29308,6260
172,116,944,-11818,-16711,-5249,6354
256,4,968,-12693,18376,17583,6448
256,20,1100,4721,876,19685,6542
156,0,1160,-27914,-19160,10845,6636
-68,24,1128,-5425,-8139,-7092,6729
32,216,1016,-22925,2625,32718,6823
-84,248,1036,7174,26333,-29664,6917
128,256,1048,-27737,14786,8660,7011
76,236,760,-28350,10672,-4987,7105
232,304,868,1311,-13739,-12074,7199
280,-68,1192,-18810,12249,-25285,7293
280,-60,1236,3678,-2625,17590,7387
272,-16,1036,-21610,-1136,2191,7481
236,148,804,30537,29314,28179,7575
48,632,872,-29487,12510,13044,7668
396,192,1004,2975,16014,18904,7762
224,140,944,-26249,-18372,-27474,7856
140,8,952,26600,7439,32635,7950
120,64,1100,14612,-1662,22222,8044
252,52,1152,13124,-4985,27210,8138
100,-56,1172,-27736,-15747,18111,8232
-28,60,1060,25639,-5949,-3328,8326
-120,440,1092,-26160,17410,-18369,8420
144,328,1028,18206,-14344,-8049,8514
-152,452,796,-3672,6650,-29662,8607
-120,316,816,28085,-31412,28968,8701
184,80,948,30533,-21349,25904,8795
-104,12,1128,25896,22924,26606,8889
80,48,1100,-7787,-5162,17159,8982
152,-60,1032,-10324,22051,-25890,9076
144,740,1016,15750,-11633,-22473,9170
96,116,1040,-4639,11907,-22040,9263
-192,200,844,20733,-19426,-8746,9357
100,8,1112,6043,9883,11289,9545
312,136,1072,-3146,-26600,5340,9638
40,412,660,-2883,-3669,30100,9732
-396,244,684,18900,27650,14958,9826
304,-204,1312,-31414,-5435,21443,9919
232,140,1416,13560,-31500,-26507,10013
272,12,912,-15050,14265,30450,10107
148,200,700,28261,-18105,-17675,10200
-192,88,816,31846,30979,32637,10293
200,-20,1040,32461,-4551,-17757,10387
-140,-68,916,19860,2710,28614,10481
84,-152,1332,7699,21691,-5421,10574
300,-364,1576,-22919,-17412,25989,10668
8,-124,1260,-2701,30800,443,10762
56,416,952,-13905,-11108,30456,10855
48,248,476,19340,3587,17507,10948
248,476,588,3,23364,-10493,11042
40,-160,1312,25465,21605,-15655,11229
196,136,776,9889,25633,13481,11322
312,552,444,-7178,-9100,26167,11416
296,420,508,25713,-5332,6306,11510
96,-44,1332,1304,15493,-26941,11603
-140,-64,1044,-16101,18636,-19504,11697
-52,-76,1004,1922,2274,29490,11791
68,-332,1268,11986,-14967,21532,11884
220,-416,1348,25465,6125,-26069,11977
0,-124,1268,2456,-21699,-16974,12071
40,248,984,-958,-29399,25462,12165
28,328,600,-24758,20121,-14614,12258
12,340,612,-351,9096,5597,12352
264,44,976,-16628,-18293,23195,12446
312,-332,1368,10149,-17851,14179,12539
328,-124,1176,24415,-8051,-13380,12632
324,228,848,21615,25289,2632,12726
224,392,596,20299,29753,-29738,12820
272,240,700,-16017,-26243,31074,12913
-272,-324,1200,10412,32199,6743,13006
272,-148,1208,14261,7436,-31585,13100
276,-336,1464,21089,-3587,-8483,13194
80,-152,1332,-25371,23361,16631,13287
176,104,1148,-14785,25901,30800,13380
-12,80,852,-22746,-9801,-30971,13474
144,224,540,29054,-11194,19689,13568
-96,392,764,30274,-15839,3507,13661
4,-308,1280,878,-22581,13739,13754
112,-260,1176,32727,7074,-26849,13848
528,112,992,-786,-17940,353,13941
412,208,764,-2453,20564,-32630,14034
440,164,608,81,-20994,8581,14128
208,0,816,12335,13393,22311,14222
-56,-240,1156,-22047,-14440,-4117,14315
272,-424,1368,7531,-6566,-436,14408
572,-56,1048,-4986,24418,22926,14502
80,-8,976,-17322,13131,-1839,14596
-224,292,960,-14083,-22050,-30281,14689
92,292,1092,-30186,-24412,-5340,14782
44,180,768,8137,-9276,31675,14876
164,172,828,-22750,-28700,-11375,14970
212,-36,912,18637,-24150,13387,15063
64,52,1064,26161,27822,-9008,15156
284,20,1112,-5775,-6211,24064,15250
296,-72,1048,-20999,-17408,-3146,15344
84,388,1008,15487,1576,-20640,15437
148,124,1140,-23624,-5508,-11280,15530
-48,136,1104,-19511,-25637,6040,15624
28,80,904,-8575,-16976,-18724,15718
24,200,828,-4729,12860,-29922,15811
104,140,888,-22315,10322,8665,15904
268,-96,1016,6560,-23011,95,15997
236,32,1044,14961,-9358,-17583,16091
76,-288,1164,-5772,18726,-2450,16184
-52,-44,1164,12076,9974,-10065,16277
272,56,1000,8664,-786,21875,16464
204,176,840,-12689,1837,-25289,16557
172,8,1120,29574,15832,-26690,16650
484,-144,1180,12426,-7092,-25725,16743
280,20,1060,-29485,23535,14346,16837
292,56,924,-8399,-27212,-17242,16930
328,264,628,6037,13211,-19337,17023
168,400,884,-1579,-8046,-18285,17116
384,-260,1320,20736,-24408,-23976,17210
4,-104,1152,-2972,19511,-89,17303
96,84,956,26687,-6739,-5951,17396
160,240,900,11196,19424,-30625,17489
248,-112,1016,23533,-12949,1,17583
48,-36,1044,-3585,14615,-24059,17676
168,-96,992,-12421,1136,-18983,17769
200,-20,1076,-21255,-24147,15403,17862
32,264,1044,15225,-32550,-9186,17955
136,372,996,-13653,-23278,10497,18049
128,152,956,1572,-7440,10232,18142
252,64,988,-19339,-5776,29047,18235
136,8,1020,24411,-3942,-29403,18328
396,-16,1020,-172,4636,30536,18422
292,52,1072,24851,-8839,27298,18515
364,-16,992,4553,-7439,-6472,18608
328,144,792,-9274,29925,-4901,18701
212,624,876,31058,18987,26335,18795
136,252,1136,6478,-4022,-31412,18981
128,216,940,-30972,700,12776,19074
352,120,868,5164,-8743,3596,19168
32,208,968,-8574,-16615,29670,19261
-124,144,1064,-29660,-10935,-25976,19354
36,152,988,-16885,-27912,24331,19447
-28,204,1044,-13824,-10592,-7174,19540
164,92,1040,-2797,31496,-29137,19633
144,264,1116,24682,-15925,24587,19727
-32,644,1024,-4807,-23537,-5861,19821
-72,548,820,-20999,-10854,26862,19915
260,428,480,6730,-25028,-23624,20009
252,444,752,-15935,32200,10322,20103
380,40,1056,-31151,3678,24679,20197
48,80,1216,14528,-10854,25729,20291
292,200,936,-19505,-22317,-24755,20385
292,292,456,-16972,-262,-3761,20479
200,764,840,17232,-8226,18557,20573
532,-148,1196,-4817,-8921,19434,20667
80,308,876,-7270,-9625,-18896,20761
180,148,896,-13132,-875,13128,20855
456,-368,1208,29579,5428,10326,20949
192,-100,1220,30459,-18810,-26422,21043
128,180,1176,28443,-21172,-8485,21137
-96,508,992,19691,12247,-12857,21231
272,672,744,14875,0,-25721,21325
-92,732,644,6732,21427,1487,21419
420,120,768,16971,-18470,8314,21513
732,-624,1328,-27641,8750,-11812,21607
200,348,684,28003,-29136,-21349,21795
204,1068,404,-16984,25375,29754,21889
264,452,632,8305,-1661,-27032,21983
520,-412,1264,1310,20570,-26594,22077
388,-476,1644,-2794,-30705,4903,22171
-56,-24,1272,-4896,6649,7357,22265
372,152,792,-31319,9632,2365,22359
8,592,420,-31853,-9707,14965,22453
-128,696,532,14338,-19950,-3060,22547
-80,-256,1192,26594,-19690,-10757,22641
64,-600,1620,1670,-31150,12168,22735
148,-12,1108,-5157,176,32467,22829
96,40,760,-29919,-14608,-31405,22923
136,792,672,-27476,-7954,-10840,23017
-136,656,724,8479,28617,7271,23111
-232,-320,1220,-20132,14169,21967,23205
-228,-524,1604,15928,-15409,19256,23299
132,-388,1396,27303,13296,18292,23393
308,-20,1004,4114,2893,30978,23487
160,344,576,-30010,-12418,-10509,23581
-344,632,816,-21876,3674,614,23674
-216,-108,1640,-11112,21607,-5423,23768
192,-196,1004,-27293,13819,-6383,23862
144,140,700,-26332,9362,25901,23956
24,768,644,-14174,-28522,-31671,24049
-112,300,808,26330,-31847,-10405,24143
8,-520,1564,-7618,1925,27912,24237
248,-688,1712,-16624,26505,7614,24331
124,-88,1080,-9966,24760,12864,24424
188,-128,688,10332,3937,-6911,24518
-88,444,552,-2539,-24401,29135,24612
-268,324,720,6994,-22492,13735,24706
76,-48,1180,1832,-3681,-6562,24799
332,-520,1564,5686,12158,3942,24893
44,-192,928,-11016,5167,-30447,24987
-68,-36,408,-15741,9801,-15224,25081
-72,920,424,18187,31147,-3671,25174
184,-40,1164,-7095,-21007,11299,25268
120,-436,1460,31062,-16625,31506,25362
512,-384,1540,19078,-14262,12429,25456
96,-344,1216,-7515,-31410,-172,25549
216,16,756,-1129,-6037,11554,25643
-40,704,396,-4117,19956,9799,25737
-8,740,560,25188,19330,25289,25831
516,-240,1248,7955,-2885,5167,25924
128,-484,1628,20218,-23885,-16974,26018
84,-184,964,-23002,-13210,-5861,26112
-108,192,448,-22919,-28612,11026,26206
-168,612,596,-179,-13390,6653,26300
208,260,1132,-6481,-13999,-18627,26393
-12,-312,1292,1664,28612,28971,26487
220,-196,1352,14262,8837,5785,26581
352,-604,1408,13743,-2530,-18630,26675
-28,-68,1060,12432,14440,30721,26768
4,616,776,9886,-32721,-21605,26862
-40,352,780,-1759,17499,-18196,27050
-48,-368,1320,18197,-12692,1399,27143
312,-88,1068,27040,344,12687,27237
248,-192,580,24506,30797,-789,27331
-44,-172,1004,18110,19247,30535,27425
588,-352,1348,1310,-31673,28965,27518
-100,-288,1228,-22747,11986,28875,27612
108,92,1176,-7435,6562,-22746,27706
288,-248,1156,-10843,-9882,-10496,27800
-28,-192,872,-9790,30540,-9185,27893
-84,200,728,18645,2626,22226,27987
-64,704,924,-175,-12686,-17853,28081
16,96,896,-23887,24324,522,28175
24,228,836,22135,9185,11022,28268
168,-84,1356,-15922,-27737,-4726,28455
144,-16,1108,-18371,15399,-24501,28549
0,212,796,30715,22574,6474,28642
56,216,580,18379,18549,-25633,28735
300,816,744,18022,-4194,13829,28829
76,-64,1164,28435,-23355,-21171,28923
-424,264,1164,12594,2972,8839,29017
36,68,900,28345,10936,-1218,29110
304,-44,1020,4287,11732,-30530,29203
-276,188,1108,19511,1750,-12772,29297
-96,100,1092,11987,11462,-19419,29391
120,68,1056,-7349,-5507,16192,29484
-88,172,920,-2450,-18107,15845,29577
-252,236,988,3150,23364,7970,29671
-276,156,1152,7000,11724,11117,29765
-256,68,1176,15662,-30015,14526,29859
-140,464,796,31494,-22229,3412,29952
0,484,900,-9979,522,-18725,30045
48,120,896,172,958,15926,30139
124,108,972,8837,5246,16454,30233
328,-244,1060,5426,-28260,30454,30327
180,-76,1068,20997,-25808,-17580,30420
48,-152,1156,23008,23101,-21608,30513
0,-96,1152,5074,29662,-19069,30607
64,-64,948,2800,11903,12868,30701
-32,160,968,-12422,-28782,11907,30795
-128,-224,1104,15489,-16972,-22218,30888
-396,144,1040,13036,25808,-19769,30981
96,96,964,-4381,16099,-16091,31075
-92,-192,932,32194,9104,2893,31169
-176,136,880,-2714,12951,17067,31262
-136,-148,1128,-30104,10150,31764,31355
-204,-396,1148,2450,-21872,5075,31448
-180,-92,976,-2186,-21786,20997,31542
-216,60,952,14000,14090,30099,31636
-636,-76,1188,-8749,-7875,-1493,31729
-52,-188,1024,18901,25804,7785,31822
-124,148,784,-30185,-9104,-18815,31915
120,48,1012,25286,-32643,-26160,32009
-4,-320,1192,19776,27647,30281,32103
136,-64,1044,7004,31847,7617,32196
196,-4,736,7875,-4464,15581,32382
140,388,808,-704,13304,-21783,32476
-180,-156,1200,16536,29397,25553,32569
-76,-136,1120,-4025,-2191,-7786,32662
80,-16,956,-3850,-20829,12603,32755
80,112,1000,29658,24762,-522,32849
160,-240,1156,-9626,-27824,-11108,32943
52,-280,1128,15140,-30969,14962,33036
-148,-80,1000,-20732,29403,-24062,33129
-144,160,956,19426,8574,6472,33222
-152,180,1024,11812,29307,-29926,33316
-60,0,1076,12164,11458,-24589,33409
152,-40,1148,-10585,-9104,-29399,33502
156,96,1080,14786,31500,20212,33595
0,92,808,-875,23008,11375,33689
212,28,524,-1575,-30801,-28086,33782
264,440,664,5946,16720,10328,33875
116,124,1320,-21879,-350,28878,33968
-28,-392,1480,-13299,-18289,-19421,34062
120,-124,1164,-20822,-21176,-29660,34155
40,52,904,7701,-24062,-29485,34248
156,76,896,-23712,14962,-25460,34341
120,-104,1076,28004,-3411,-24497,34435
32,-16,1192,704,-24237,-6387,34528
68,-48,1244,23717,5862,12864,34621
76,-16,1180,-12152,-3672,21874,34714
-288,824,1016,-3843,-3154,13212,34807
4,380,528,5687,28961,8224,34901
16,460,480,11283,-31590,29579,34994
144,180,1060,-28531,6389,-14085,35087
188,-228,1396,15050,-4551,-2182,35180
268,44,1060,13126,16887,11032,35274
224,280,712,22403,6653,184,35367
104,400,712,-6475,-31932,-4630,35460
-132,148,912,7519,-8572,-19772,35553
-208,-180,1068,13908,15483,-22225,35646
276,-232,1396,13475,-29049,-18548,35740
184,-288,1380,16103,-9185,21178,35833
-28,-56,1204,-2444,8315,16714,35926
-216,96,860,-3929,1750,7789,36019
-20,416,444,19865,-8487,-31417,36112
620,696,340,16607,-2864,-32044,36206
-544,-56,1100,5330,19601,-25899,36299
-980,-348,1596,-29311,14417,-1750,36392
200,-304,1296,-5333,-24154,-7871,36485
272,-16,964,30893,21970,-21169,36578
-240,680,764,6829,22929,-604,36671
-336,952,616,-8928,-32194,-77,36764
-452,164,780,-25043,27118,-1737,36857
-748,-988,1384,6303,30608,17684,36950
108,-596,1344,11126,9001,-10411,37043
372,116,1156,2552,9798,18197,37136
336,628,664,-23005,-17761,6559,37229
16,1260,528,-4553,-1403,18992,37324
272,380,388,-16113,17853,31761,37418
240,-604,1404,1231,-8315,7437,37606
200,88,1052,-17764,11811,-18460,37700
160,144,864,-23192,22142,21534,37888
352,-52,864,26510,-23358,-1574,37982
80,-100,1004,-25725,-22312,-14347,38077
72,-104,1204,-28697,-3412,-24324,38171
52,-196,1344,29492,351,-2886,38265
44,212,1000,-3582,-25464,-3060,38359
12,416,564,-6912,14173,11025,38453
96,340,472,14173,-15837,-4897,38548
144,304,648,-16279,-5167,-23444,38642
164,-208,1212,-19339,11897,7882,38736
412,-196,1508,-6999,26768,31770,38830
496,-180,1232,32290,-7875,-24235,38924
404,144,972,-9619,5689,13742,39018
324,660,484,19864,-27205,26868,39112
-16,632,484,-12428,7529,7010,39206
32,-332,1172,-2279,24499,26072,39300
788,-532,1564,-29394,-18642,6395,39394
88,120,1392,-27293,-6121,-27911,39488
328,248,896,5775,13214,23540,39582
-80,368,344,-29661,32729,-10151,39676
24,624,480,-5518,20737,15574,39770
256,-120,980,-13132,-15660,-15307,39864
36,-520,1584,442,-3408,32640,39958
4,-120,1196,-3058,23450,7881,40052
168,340,1024,14876,8490,-32016,40146
32,760,584,-19779,-23263,-5152,40240
-380,604,500,6641,-14258,7712,40334
-804,-16,964,-23635,26857,92,40428
244,-1012,2040,-32114,-15409,-16090,40522
112,-240,1452,-15216,12249,-27201,40616
200,156,872,-7257,-8307,-9177,40710
-248,84,328,10856,25903,5078,40804
80,460,436,16972,21168,-1743,40898
0,-216,1432,6730,-32376,-9801,40991
232,-404,1416,20128,-8582,-30969,41085
284,116,968,19514,2715,18989,41179
116,192,560,-22401,7789,4292,41273
-168,296,620,-10160,-1924,-17841,41367
-240,-332,1036,-23020,16274,18993,41461
-128,-264,1380,30530,8308,8671,41555
52,-704,1532,-19071,16710,-18283,41649
-32,-232,1220,31682,-4729,2106,41743
336,132,860,25990,21004,4728,41837
-144,92,484,28265,10411,-23279,41931
228,116,796,18460,-3242,-2882,42024
116,-436,1504,26947,-16100,32295,42118
204,-340,1200,-22747,-13912,-26682,42212
-20,-116,696,9104,-31850,9979,42306
100,432,660,-13215,-13997,-30793,42400
-44,48,1208,4280,-25115,-10841,42494
-200,-512,1488,9364,10582,-13910,42588
212,-176,1168,-6999,2180,22137,42682
508,-364,1084,32378,-32460,13918,42776
256,512,616,10669,-30708,27912,42964
-96,-208,936,-31678,5244,-14182,43057
28,-108,1068,11199,14515,-24420,43151
516,-212,1188,2361,13121,-7179,43245
604,-228,1196,-31497,-20908,522,43339
372,-276,1044,9893,-11896,24849,43433
240,132,712,-26599,3678,25899,43527
28,300,604,26947,7433,19416,43620
320,168,776,27905,-18726,15046,43714
444,-344,1052,14522,-6474,-2371,43808
184,28,1016,9360,26599,28254,43902
292,-56,972,9360,26511,-31856,43996
380,-188,992,-7876,27650,25896,44090
192,0,1016,-10501,-8664,-4990,44183
380,-160,1052,-12424,16189,22835,44276
156,-20,1024,21522,-25725,-6651,44370
144,-36,1016,20472,3936,2185,44464
212,-64,956,28524,29924,22833,44558
228,-52,972,8050,-1,-28439,44652
220,-48,996,-25374,32199,-8837,44745
260,-28,1012,29662,5250,3064,44839
224,32,1024,-28087,2100,-20822,44933
236,-8,988,27125,8750,-9710,45027
280,-40,984,-22749,26950,-30011,45121
240,-36,996,-28699,-4200,14350,45214
240,-4,980,5600,16361,1662,45307
272,0,968,24936,-21787,11812,45401
260,-4,984,28524,-7350,-19686,45495
276,-56,1020,-13650,-32024,30801,45589
220,-36,1032,32287,7176,31851,45683
212,-4,996,-17324,-8837,-9096,45776
252,-12,952,-17937,-18287,24151,45869
236,-12,992,-15400,-15224,-9186,45963
208,-48,1032,10587,25550,8837,46057
200,-40,1016,21525,30711,9275,46151
240,-36,996,6300,7174,-19686,46244
164,-20,1008,-8312,5600,16275,46337
216,-32,968,-24150,8837,-22136,46431
196,-44,980,-3850,5250,17412,46525
192,-36,996,13650,3500,-11637,46619
196,-60,1028,5250,-15400,-787,46712
224,-56,1016,15575,-31675,6212,46805
212,-40,996,7175,-8312,-8225,46899
232,-44,976,-437,-7175,-4987,46993
208,-20,1008,-4900,-23625,-29575,47087
224,-44,1016,2012,-31937,30186,47180
208,-32,1016,2975,31411,29486,47366
252,-36,980,-10762,-6737,786,47460
220,-24,980,-14962,30449,11986,47554
244,-24,988,-15312,23011,-14964,47648
252,-16,984,-16887,-32462,3674,47741
248,-28,984,9100,-21437,23274,47834
244,-20,980,-4025,-20037,21086,47927
244,-20,1000,-2625,-19512,-29925,48021
248,-28,1000,7350,-17237,-8575,48115
208,-48,1008,-21611,25724,31061,48209
220,12,960,-16362,-7000,-13300,48395
240,32,988,12161,-14437,11375,48488
284,-24,1008,26774,-28436,-18637,48581
204,-20,1012,-18900,-20650,-3064,48675
264,-32,992,-28787,20386,-12164,48769
248,-8,984,-17675,28961,-15489,48863
232,-28,1000,-27300,23799,6910,48956
280,-40,984,12161,-25375,11722,49049
240,8,976,-29664,16799,-31676,49142
264,-28,948,-32289,-3151,-28175,49236
288,-44,956,10499,-17937,22049,49330
272,-64,980,-9100,-6300,23536,49424
264,-56,992,18462,-6737,31674,49517
264,-72,1004,-3675,6649,8749,49610
292,-48,980,-9887,-25113,-13562,49703
348,-52,964,6212,-24762,-17412,49797
308,-20,968,-9187,7700,-25900,49891
296,-48,964,-11725,-6212,-11462,49984
296,-44,972,-9800,-27300,10412,50077
312,-44,960,-2450,-437,-9712,50170
300,-56,988,18375,-4375,2187,50264
304,-36,980,7175,-612,-2975,50358
300,-40,964,7700,-8312,5425,50451
304,-28,960,-2187,-7962,8312,50544
296,-32,964,-19162,-12075,7175,50637
300,-44,980,-7437,-9100,10500,50731
300,-24,980,-1750,-8137,-525,50824
312,-44,984,9450,-4725,-13300,50917
304,-40,980,5337,-12775,-4462,51010
292,-24,972,-11112,-12250,-9975,51103
296,-32,960,-8225,-3237,-13125,51197
284,-28,976,-2450,-11462,-787,51291
300,-28,972,87,-2100,-5862,51384
284,-32,988,-4200,-7175,2450,51477
308,-28,988,-9187,-12424,-4725,51570
296,-36,972,-3675,-15575,-3587,51664
292,-40,968,700,-9625,-11025,51758
292,-28,960,-2712,-11550,-6562,51851
308,-20,972,-14087,-12424,175,51944
308,-48,984,-7437,-9712,-2187,52037
284,-32,976,2362,-16187,-1487,52131
304,-28,964,5250,-6737,-7962,52224
292,-32,988,-4112,-13212,-14525,52317
300,-32,988,-15225,-11550,-3150,52410
296,-24,976,-4987,-5862,7262,52503
300,-44,956,4200,-1137,-2450,52597
288,-24,972,9887,-7612,-9537,52690
284,-32,980,-7962,-21000,-7525,52783
288,-32,972,-18900,-17850,-8312,52876
304,-40,980,-9450,-16275,5862,52969
304,-32,980,-2887,10237,7787,53063
296,-44,992,-962,5687,-4375,53156
280,-28,980,1662,-2712,5512,53249
268,-28,964,14175,-5862,-8749,53342
308,-12,968,12600,9450,28176,53435
288,-28,968,-9275,17151,15401,53529
184,-64,1012,18287,-3499,20039,53715
220,-52,976,-21174,6037,30714,53808
224,-28,1000,25550,26686,-1136,53901
260,-52,1000,29137,-10762,3676,53995
244,-32,1000,-28349,11637,10851,54088
224,-56,1012,-13211,-962,11465,54181
216,-16,996,-32286,17850,-11636,54274
220,-24,984,21962,-10062,-13824,54367
228,-24,988,-2537,-2800,-28174,54460
216,-32,1004,-6300,612,23100,54553
260,-20,1008,-4287,11375,13650,54646
212,-20,1016,-8312,29400,-14087,54739
196,-28,1000,9975,-13212,28612,54834
208,-24,980,12250,-23537,10062,54928
204,-8,988,1137,-27737,7612,55022
208,-36,1008,-5512,-29050,1750,55116
220,-40,1024,8487,-26425,-4025,55210
220,-24,1004,14437,-30450,5862,55305
232,-8,996,-6387,-11725,5162,55399
220,-20,992,-15837,-5337,19775,55493
220,-20,984,-14437,-11200,17937,55587
224,-28,1004,-8050,-10675,5162,55681
228,-40,996,1225,-14612,8750,55775
228,-28,1004,3500,-19425,175,55869
224,-12,988,-11637,-8137,-9100,55963
212,-28,992,-17937,-26162,3500,56057
228,-24,992,-4462,-7262,-5775,56151
220,-32,996,11900,-16800,87,56245
240,-20,1000,6475,6562,-8837,56339
220,-20,1008,-14875,-8575,4550,56433
216,-28,996,-19775,-10062,1137,56527
224,-32,988,-8750,2975,-9537,56621
220,-16,1004,-6737,-8400,-9887,56809
224,-32,1000,-8837,-8225,-4375,56903
220,-20,992,-16712,-3412,1137,56997
216,-52,992,1050,-3500,11200,57091
204,-12,988,-8575,-10412,-262,57185
212,-40,992,3762,-15312,-18287,57279
216,-12,976,-17062,-22662,7000,57373
220,-32,992,-21000,-15837,-3237,57467
224,-40,996,-15312,-4812,-7700,57561
220,-48,1008,-4200,5775,-1487,57655
224,-52,1012,7262,14612,8750,57749
220,-28,1008,-15050,17500,-7262,57843
200,-36,996,-21262,10675,-87,57937
192,-36,984,-22312,6737,7700,58031
192,-40,992,-17237,-262,9012,58125
188,-52,1008,-2712,-6212,-2800,58219
196,-52,1004,9625,-3237,7000,58313
196,-44,1012,9012,-16100,-5250,58407
216,-40,996,6912,-11900,-13912,58501
184,-16,992,-7350,-25987,5950,58595
208,-28,988,-25550,-16975,-10850,58689
196,-52,984,-17325,-16975,1837,58783
204,-52,1012,-12512,-23362,-1312,58877
216,-56,1000,-12337,-8750,-4987,58971
200,-56,992,-12424,-13212,-8225,59158
200,-56,996,-5075,0,-2012,59252
200,-64,992,14962,-10325,-12775,59346
212,-48,1008,10062,8050,-2450,59440
204,-36,1008,-4462,-6562,-6475,59534
208,-56,996,962,3237,-8050,59628


Stopped

