Here log for real horse accelerometer data. Accelerometer located on halter on the horse head,
between ears. Here free walk on rope.
z - vertical axis, x - from left to right side of the horse, y - from head to tale. 
ax,ay,az - accelerometer data, gx,gy,gz - gyroscope data. ts - timestamp in milliseconds real gyroscope data multiplyed by 10 000
frequency - 10 Hz

Here link on youtube video  of this set 

https://www.youtube.com/watch?v=vSejAJmoIL4

----------------------------------------------------------------------------

Enter command>Batt voltage: 4.1894531250
Enter command>

Starting measure, name: alscord
68,-136,1020,5337,9975,2187,81
116,-124,1012,-22486,-1751,-23360,175
168,-180,1004,-31850,-2276,3061,269
160,-108,996,6212,-16887,-13474,363
120,-104,1000,-14000,-25812,17850,457
104,-144,1084,2100,24147,4029,550
184,-152,1088,-9625,-12865,6396,643
136,-164,1068,-27124,-5250,-8480,736
112,-148,1012,16714,1139,-169,829
72,-104,984,-32460,22837,5781,923
128,-108,952,1489,-31062,18382,1017
136,-116,960,7351,-2362,-25630,1111
212,-104,960,-31322,-13297,-1043,1204
140,-104,976,-14347,-4633,-23091,1297
-64,-56,1056,27476,-18019,-6204,1390
-124,-76,1092,-6475,16275,-31146,1483
-64,-76,1064,-25814,30619,19078,1576
108,-152,1096,-2714,-22579,-20821,1670
44,-112,1016,-10412,-265,-21787,1764
-24,104,960,-12165,27735,-4639,1858
80,0,1028,-30101,-14440,-29224,1951
52,-80,988,-26774,-18639,-15139,2044
0,112,912,5687,5511,13910,2137
112,-36,952,-9450,-4817,24236,2230
264,168,1028,23096,-30185,7087,2323
104,-192,1036,-13039,16976,86,2417
-20,-196,892,25026,-13128,-28436,2511
364,-260,1064,30103,18111,25645,2604
264,-260,1076,-10934,-16972,7182,2697
108,-196,1144,-30097,6039,25817,2790
160,-68,1048,3762,9099,-21868,2883
160,52,912,22222,32461,-8219,2976
60,52,812,20824,26336,-7958,3069
136,-176,1020,26075,-1139,28967,3162
-56,-124,1020,10061,1486,29575,3256
88,-240,1008,14261,28960,32201,3350
24,-188,1184,-25375,3849,-13210,3443
204,-384,1156,17765,-4637,27565,3536
120,-280,1000,-15746,-13210,-13474,3629
-48,-120,844,-14173,-16624,23624,3722
-64,112,748,2186,11375,15043,3815
-340,-40,940,-23100,-187,-24412,3908
564,-56,1140,8047,24326,-12946,4001
156,-392,1040,24500,-9444,-18896,4095
132,-144,1156,3326,32203,-31493,4189
92,-500,1372,14531,-27999,11817,4282
-40,-168,980,-18632,3410,-20644,4375
88,-12,704,-5074,-7004,-11191,4468
344,136,588,29743,-31499,30288,4561
112,-180,628,23880,17678,11298,4654
84,-408,1136,-21004,15136,-22827,4747
-36,-428,1252,6649,-20915,4729,4841
-48,-260,1192,17497,-11204,14876,4935
164,-436,1232,-6299,-5339,-7958,5028
124,-432,1152,14442,-14874,-21347,5121
36,-364,872,-21432,26076,3328,5214
-144,-64,740,26599,-22137,-7612,5307
252,-268,1044,-20300,-11025,4907,5493
344,-284,984,22401,10593,17418,5586
112,-256,1244,-21260,-8921,26782,5680
-24,-500,1280,12868,-5687,18117,5773
-60,-336,1020,-31230,14171,-26244,5866
120,-24,792,2628,22835,-23269,5959
196,-24,708,23974,-23187,4820,6054
224,396,776,-29315,-15572,6396,6148
80,-212,1044,6211,1751,8753,6242
-80,-184,1172,18376,-18289,26774,6336
-64,-200,1064,-16100,-20389,4374,6430
0,-96,1008,32635,27033,21526,6524
-4,-160,1148,24853,-19950,32640,6618
116,-272,1100,28004,-27385,9279,6712
4,-120,880,-30533,7614,30889,6806
-168,-28,864,18899,22049,-6387,6900
-368,56,1012,28694,-4468,-16889,6994
384,-236,1096,8396,6993,-16002,7088
168,-136,988,-6124,-13121,-24229,7182
-56,-48,1000,12424,6742,-9180,7276
-4,-276,1188,15399,3497,621,7370
164,-308,1212,31414,-1315,2373,7464
88,-232,1116,17765,-32376,-26502,7558
268,-116,988,3942,27822,32212,7652
224,104,684,11289,26778,-32452,7746
-52,164,616,-3329,1668,-32368,7840
0,-76,1136,6561,-2100,32115,7934
68,-244,1056,13824,1048,-7522,8028
-16,100,1028,-7426,-30876,17681,8122
-388,28,904,-366,18537,-338,8216
1248,-284,784,-11121,17530,-22172,8310
-2040,-1116,684,2018,27697,24860,8404
1600,-92,644,1180,-19202,-11260,8498
-2040,576,1208,11391,521,10491,8592
844,-988,804,-10404,18596,30278,8686
604,-36,1020,20730,-18025,1575,8780
196,-140,780,6990,-17132,-9972,8874
84,8,856,-19250,30895,-17746,8968
56,-248,928,24070,23457,8238,9062
-200,-72,912,29231,29314,17159,9156
96,60,888,-30008,-14353,-17835,9250
384,-40,940,22139,26689,28193,9344
-152,-156,1148,-23012,25201,-10927,9532
-132,52,980,25283,-29576,-21869,9626
-108,-112,944,-3242,-28001,-172,9719
-28,-328,1132,-13825,29747,-32720,9813
92,-272,1204,-13035,-32549,4117,9907
-40,-228,1052,-7522,-1661,5342,10001
-112,-116,1008,-9099,25200,31762,10095
-200,56,832,-9189,-30975,-3675,10189
-284,72,1020,10499,-11121,28612,10283
176,-64,1072,-12426,-3414,4378,10377
-8,-88,860,-5776,-16714,23104,10471
224,-104,972,-6301,-10761,-31932,10564
64,-364,1172,14440,31587,-13821,10657
76,-252,1236,25993,22836,-12247,10751
124,104,776,-13390,-29661,-3144,10939
4,64,656,-23014,-30186,-11110,11033
24,-132,988,-3503,-26689,-20205,11127
-64,-272,1016,-31678,-178,21089,11221
28,-264,1168,3497,25196,-25021,11315
260,-440,1404,-24935,-17499,24068,11409
40,-400,1112,3248,-14059,-13567,11503
-588,-348,1020,-255,30879,14007,11597
-20,96,928,2800,14526,-11471,11690
-416,24,1068,-22578,-32648,15401,11783
-28,88,904,-22142,28605,-23974,11876
128,-76,856,25462,-24590,-11016,11970
276,-244,1188,8757,28789,-18543,12064
96,-268,1136,-26852,6739,19254,12158
0,68,880,-18805,-25201,18382,12252
208,260,684,8400,30625,28363,12346
196,432,676,3321,-6294,-32102,12440
92,156,1116,-1054,-20819,-1746,12534
-300,-284,1192,-17240,-8143,20392,12628
-28,-148,1020,-26340,21869,26164,12722
60,12,1120,29308,1485,21792,12816
240,-292,1244,12776,-10585,30631,12909
60,-240,1152,11731,-12858,-26683,13002
-128,-216,1028,4731,-1051,-26249,13095
-116,88,904,-14612,18985,-1403,13188
-204,320,936,-10326,7257,-9364,13282
128,140,776,27996,11197,-32724,13376
220,48,776,-24415,27562,-18544,13470
324,-156,1072,8662,-12685,19076,13564
76,-232,1268,-785,-9714,17153,13658
244,-200,1272,-22219,-26161,14962,13752
204,-104,1228,21178,30450,22575,13846
100,44,916,-16192,-23274,16714,13940
12,528,644,-29575,23975,-26160,14033
48,-52,964,-12249,2976,29928,14126
-52,-176,1136,1312,17501,-14437,14219
204,-184,1316,-4725,-12511,22664,14312
28,-116,1092,-32111,18467,-30711,14406
-52,-188,1072,2887,15490,-5508,14500
-380,52,1012,-4462,-11900,2364,14594
-308,396,1064,7258,18018,17675,14688
192,56,952,-8228,-16545,-32550,14782
92,-76,764,25285,-20389,4206,14876
188,-8,940,-23712,25901,-7518,14970
0,-384,1388,-25546,16540,26776,15063
88,-136,1212,-4635,5774,-4024,15156
188,-4,972,4375,4024,-12771,15249
212,-172,716,-4637,18465,-19768,15342
-100,132,960,20562,-29572,13657,15435
-8,-272,1148,17240,-10849,-25102,15529
-16,-92,920,-31060,19514,-22569,15623
-220,20,888,-11467,-2974,1665,15717
-176,-68,948,14866,7521,22843,15811
144,-452,1216,-6037,-32025,-16879,15905
-104,-180,1080,27312,28089,-30707,16091
-300,112,868,11035,1839,21964,16184
-284,308,876,11903,18540,-25461,16277
72,260,736,19682,-12606,26687,16370
-24,228,784,16705,17760,-28083,16463
184,-48,972,29482,13121,445,16557
216,-216,1216,-13562,-18110,20743,16651
84,-192,1380,-785,-4025,2632,16745
152,8,1064,9189,11372,-952,16839
172,12,832,-17412,11725,-19241,16933
180,-24,776,-27562,-27999,-19066,17027
128,-20,848,16533,29140,-10140,17120
-8,-92,972,-6743,17415,-3062,17213
-132,-216,1296,19327,-3595,26429,17306
268,-504,1312,-608,30010,-27555,17399
180,-328,1108,-11627,-28080,-15046,17492
-124,-116,960,1145,-24321,-20472,17585
-76,-8,884,26078,13914,-32204,17679
-424,236,924,-3851,3582,24755,17773
108,192,856,-29665,28780,23540,17867
44,0,848,-178,29571,12075,17961
156,-48,860,-4115,18458,7792,18055
260,-156,1056,-27389,-16799,-7346,18148
80,-212,1264,-6211,11022,-3407,18241
200,-220,1260,-23096,-3940,-32194,18334
260,-72,1048,-9185,786,795,18427
212,-24,760,3850,19601,7531,18520
180,124,668,-17853,6739,-17232,18613
140,-4,824,14344,31328,-32283,18707
40,-244,904,-26429,13476,-8049,18801
40,-312,1264,-6476,-29839,-24410,18989
228,-512,1056,32726,-6821,-18636,19083
44,-252,984,13301,-4458,-1401,19177
-84,-128,932,-8051,22053,-23545,19270
-280,-132,976,-26515,-10850,-5521,19363
-84,-212,960,6644,19250,-30459,19456
20,-340,1072,-445,8575,-5779,19549
-24,-492,1244,-20826,8400,-11371,19642
44,-556,1380,-7082,20478,2626,19735
60,-624,1072,-21602,23015,15403,19828
-92,-252,912,-2091,14964,-20030,19921
-24,-148,700,24943,-5421,30543,20014
-148,-52,672,11901,6040,-27552,20107
-276,-176,968,-10851,-29664,29406,20200
-388,-180,1048,-20828,-29582,1407,20294
-164,-236,976,24146,-1668,15406,20388
-16,-288,1096,-24324,31497,-31669,20482
-104,-296,1124,-696,-28875,-13643,20575
0,-232,1012,-3235,30801,-30094,20668
-140,-128,968,13037,-21350,-3493,20761
-252,-72,892,-442,-25734,2281,20854
-100,-64,960,17847,-23717,-15222,20947
100,-224,1052,-12512,2710,-25283,21040
-4,-144,964,7087,-5515,14267,21133
72,-240,1112,4031,4899,11029,21319
104,68,1000,4031,17847,7093,21412
128,-92,680,-3674,11636,24592,21505
160,452,608,20210,-4812,354,21599
104,-16,1000,9447,23714,-2272,21693
-36,-192,1164,11374,-11985,-8840,21787
60,-184,1136,-9536,-24151,-16100,21881
128,36,1184,19949,-12515,-31060,21974
240,-240,1232,-13999,-30796,23014,22067
24,-240,884,-14346,-28607,9192,22160
-180,-12,820,-13385,9978,22228,22253
-324,436,868,3058,-19337,12078,22346
-236,-156,1028,13735,1565,31319,22439
216,44,976,-2715,15741,-6824,22532
360,-200,1188,5337,10411,11115,22625
76,-176,1360,1839,23365,31940,22718
148,-296,1068,29229,24503,5428,22811
-4,-72,576,20040,-18199,-17144,22904
-136,352,556,-21961,-23364,-23182,22998
-112,-268,576,16271,-26082,19432,23092
576,-692,1224,9535,353,-11540,23185
32,-392,1356,2539,-27033,20482,23278
-184,-132,1200,26337,-24150,16018,23371
220,-164,1264,16360,-353,95,23464
172,-312,1168,2365,-18457,-8397,23558
-168,-188,1000,10767,-16624,-19160,23652
12,-136,808,12517,-2101,6128,23746
-16,-32,856,28353,30010,16014,23840
-128,92,1044,-5864,-14878,-8754,23934
8,84,1016,-29579,-25292,24933,24028
184,-4,852,13994,-2364,-27911,24122
-40,-140,1128,-31414,-20039,8662,24216
280,-448,1292,-23096,16537,20738,24311
8,-148,1108,20129,-15047,5951,24405
76,-36,900,23190,20300,24156,24499
116,32,712,-24761,-16361,6393,24593
36,564,676,-27396,-22485,25379,24687
-88,-156,864,-19778,-5514,-9088,24781
272,-308,1272,960,5251,10682,24875
-292,-344,1232,2536,-16715,-21169,24969
84,-248,1256,22572,-17501,-18280,25063
224,-536,1376,2542,-31055,28965,25157
-152,-324,952,5257,-28346,-29660,25251
-136,-40,768,19691,30011,-20997,25345
-140,344,756,9271,8400,12944,25439
-140,40,928,9793,24580,-21087,25533
232,-148,956,-6829,8226,-1050,25627
-116,-328,1252,17237,24322,23890,25721
124,-376,1308,17242,-9274,-27124,25815
56,-396,1092,-19680,6214,9189,25909
-112,-12,808,2715,31322,11990,26003
-16,20,604,-6737,-23278,-16271,26097
-20,732,740,28693,-6303,-82,26191
-48,-240,976,-21356,-27478,17684,26285
264,-384,1248,-22751,-8485,-257,26379
24,-224,1184,-27735,-23012,24243,26567
220,-484,1308,11468,-27907,-27122,26661
8,-368,900,-19504,26865,20218,26755
-144,-112,800,-11107,-22661,20301,26849
-164,260,836,2797,-6303,-13742,26943
-80,76,1032,-20303,15394,-12426,27037
-72,160,996,4810,-17068,11550,27131
280,-100,988,-18726,23887,24506,27225
68,-268,1236,20829,5951,16981,27319
-28,-272,1196,-12855,23361,31157,27413
-4,12,880,-9185,-9626,-8742,27506
56,164,648,-2628,-8225,1673,27599
152,488,660,27291,3942,-513,27693
136,-224,1032,9274,5517,9892,27787
-148,-196,1284,-22050,18110,-22133,27881
-316,-276,1124,-20125,-5606,-22572,27975
160,-112,1092,-6040,-7087,-25897,28069
72,-240,1224,-11462,-7607,-18022,28163
44,-332,1128,5165,-18368,-19160,28257
-288,-8,744,19600,25814,-24587,28445
-440,-20,948,-19691,7518,-22923,28539
-164,-392,984,-793,-13571,-12246,28633
144,-388,1300,13299,7079,19084,28727
20,-444,1328,-25371,8836,-21608,28821
112,-192,992,7356,3237,16015,28914
68,-172,652,23887,-17060,31417,29007
36,740,700,14958,-28874,18473,29101
-272,-244,776,-17331,-24758,-23970,29195
48,-404,1192,13472,-5426,-30266,29289
-220,-324,1156,-10851,7871,20915,29383
8,-272,1248,10497,24057,-4022,29477
76,-416,1280,-11286,15225,-25547,29571
-4,-284,936,-22482,528,17151,29665
-160,-224,872,-20030,-9011,31149,29759
-564,52,1056,-2708,26337,3580,29853
92,12,1004,30711,28082,22224,29947
-44,-52,892,17583,-18114,-8926,30041
72,-40,1044,83,-32028,-18460,30134
-12,-384,1280,22746,11196,-7347,30227
164,-412,1136,24503,-20128,-28435,30320
96,-180,880,12168,-9451,29929,30413
164,184,748,-4636,13475,-23266,30507
52,392,732,-30365,26690,23723,30601
176,-4,936,20122,12078,29676,30695
-268,-460,1056,-8665,-30972,2196,30789
-164,-248,1084,-17767,2362,-28519,30883
-144,-236,1096,1221,10760,792,30977
180,-584,1248,2803,-17500,-7082,31071
-52,-428,1052,24243,-32547,-5071,31165
-68,-224,940,23631,-349,18029,31259
-188,36,920,13564,-25110,-9451,31353
-292,-24,964,2800,13291,5862,31446
56,-80,880,-8751,-20826,-13128,31539
44,8,844,-16103,-1400,-28087,31632
-128,-360,1244,27389,28174,6910,31818
60,-244,1008,-26333,-30012,-25375,31912
52,0,960,27912,22312,22050,32006
-56,-36,904,-4026,-7000,-22747,32100
-48,-68,964,-20740,-18376,-7260,32194
-96,-144,960,-6478,-3240,32468,32288
-68,-264,876,23186,5424,14440,32382
-136,-176,1012,349,-17328,-7171,32476
136,-396,1224,15400,6037,-30794,32569
56,-360,1152,-13647,-30708,12428,32662
-52,-332,1032,23890,-1574,18378,32755
-152,-160,896,21965,-20126,16363,32848
-404,68,1024,25201,-14885,-9364,32941
264,-64,988,-6826,-29751,12247,33034
80,28,844,16446,30797,-4636,33127
268,-56,1004,24321,30803,-18374,33221
76,-360,1216,30976,-2360,2535,33315
56,-324,1204,19867,-20124,1136,33409
-24,-124,1044,1403,-26951,-25457,33503
52,36,804,14085,-32636,4293,33597
-132,168,660,22832,-30014,18031,33691
-60,-120,864,-11989,22923,-9002,33785
92,-404,1008,6125,22836,-24933,33878
-28,-224,992,-13740,-27826,-2355,33971
12,-228,1068,-15403,-19337,2281,34064
220,-432,1172,-7699,-10757,-10757,34157
-4,-412,1056,1228,-30269,-14955,34250
-156,-332,1076,-29222,14439,-23882,34343
-312,-96,972,-27387,-17240,21440,34437
-384,-28,940,-19951,-32384,13743,34531
-24,-180,964,-5514,-18993,-29571,34625
-8,-216,816,27386,-23017,-13118,34719
64,-132,884,19511,-4375,18293,34813
160,-416,1104,11814,-31849,17676,34907
-100,-328,1284,12428,18635,-25544,35000
-12,-392,1264,-7257,8658,-30618,35093
164,-192,1028,-23972,1,22318,35186
112,-16,812,27476,6914,-18983,35279
-44,-4,840,-2975,-3147,14531,35372
-64,-192,836,-8839,-15401,10856,35465
-92,-128,920,-531,10846,-1657,35559
-136,-164,1060,-11818,22305,-79,35653
36,-340,1128,-23100,-964,-1307,35747
20,-436,1052,-26421,20474,13129,35841
-140,-292,1000,17507,-350,-27735,35935
-308,108,1052,15057,-4814,6737,36028
200,4,952,-19596,23179,-28260,36121
-28,180,756,-8312,4636,27214,36214
124,8,884,-13825,-7442,19693,36307
276,-412,1240,10415,26250,13398,36400
44,-88,1180,-19241,23275,-8654,36493
96,-28,880,12604,-7439,-28955,36586
288,100,692,3675,8224,-20641,36680
128,264,700,-9367,-13647,10159,36774
-140,-248,1164,-18725,23187,-19246,36962
72,-112,1040,17149,-790,-21171,37056
24,28,1068,11371,-20740,29488,37149
312,-316,1152,16974,16797,9193,37242
104,-152,1104,-31935,21092,-23269,37335
-84,-204,984,25467,29839,-28518,37428
-124,-32,964,11906,29837,10239,37521
-236,184,1032,14699,-7968,8575,37614
100,-24,784,-32378,25983,30885,37707
508,-216,1220,-13389,-29135,12084,37894
80,-340,1316,-260,24503,14968,37988
40,-220,1056,19518,25546,-19941,38082
260,76,844,-27035,3147,16807,38175
240,396,724,26510,21876,9196,38268
196,196,904,-17940,21179,29493,38361
-8,-164,984,8485,23715,31415,38454
32,-132,1060,-26078,1749,-24410,38547
0,-144,1128,-30279,260,15662,38640
372,-388,1264,7700,-9625,-4636,38733
36,-388,1100,-4721,9190,15049,38826
-12,-68,972,17592,14350,30624,38920
-104,64,904,18289,12424,16794,39014
-88,136,892,-4025,-4293,2443,39108
164,92,844,24146,-27304,-22929,39201
328,-64,936,-6829,-14700,12771,39294
364,-328,1220,-1926,16718,-14967,39387
48,-272,1220,18292,6212,-22926,39480
104,-8,972,-2274,18199,-5337,39573
152,-52,756,26599,-19775,-26158,39666
36,304,648,-7790,-27824,-30794,39759
156,-228,996,13297,-17058,14617,39852
-92,-296,1176,4287,-13037,-1743,39945
-8,-276,1080,-13650,-25989,26342,40038
0,-176,1152,-3150,31585,8146,40132
120,-240,1196,3154,25115,23892,40226
-20,-352,984,-8746,-15660,25554,40319
-60,-72,956,30362,-12511,-32458,40412
-216,-44,920,32549,-1490,10851,40505
-224,-92,980,-16014,12941,-31496,40598
100,-100,1024,3672,19421,19426,40691
272,-208,980,-5864,-5947,12951,40784
20,-184,1024,-6912,-17499,10503,40877
112,-268,1140,9451,31150,27737,40970
56,-228,1128,-24060,-526,2189,41063
76,-176,1052,-4372,23097,27475,41158
112,-28,860,18550,-19864,-4372,41252
72,240,720,-31764,15487,9976,41346
44,-296,956,17325,14700,-22308,41440
240,-248,1140,-6651,-22222,23018,41534
-80,-288,1156,28611,-24939,-26329,41628
-40,-244,1084,23187,-10940,-28340,41723
140,-252,1188,4204,-6472,31418,41817
100,-216,1084,5079,23717,-12858,41911
-12,-280,920,12342,23978,-20910,42005
-200,28,812,8924,3671,-26431,42193
-284,36,952,12686,-5873,-21965,42287
272,-40,1072,-2101,27647,8489,42381
428,-88,1016,-18374,-3671,9100,42475
-48,-16,956,21789,-1840,-20300,42569
200,-148,1184,-22921,-14786,20651,42663
252,-92,1112,30015,18375,23890,42757
32,-12,924,28089,13735,-2360,42851
108,240,648,-28787,-29837,19254,42945
172,272,772,16444,-4289,-14694,43039
148,-264,1176,-32551,-1662,-2266,43133
-116,52,1176,12860,-19775,-22212,43227
76,-232,1012,29132,-6831,31771,43321
212,-172,1060,-27914,-20824,-15215,43415
-44,-148,1160,-10503,-20035,-27379,43509
152,-408,1156,-871,-14260,24418,43603
-80,-76,884,-5683,-19074,11904,43697
44,-28,792,22489,-9012,-25632,43791
-112,196,868,-29751,2187,25725,43885
368,-264,1144,13561,30880,-8746,43979
292,-152,1108,19862,25728,-7871,44073
-68,-60,968,-24674,-14085,14525,44167
4,-152,1128,27822,-32292,-13911,44260
288,-332,1180,11987,27121,-16883,44353
176,-172,980,17503,-21524,25378,44447
4,4,920,28264,-20212,-20822,44541
72,-148,780,22487,-9626,-1746,44635
72,328,704,14782,-28262,-15833,44729
188,-308,976,-26340,-16537,-19596,44823
164,-216,1144,-14790,21878,-2272,44917
-92,-344,1152,-27036,-20738,-3411,45011
268,-244,1232,-20214,29136,-5074,45105
152,-344,1264,-8660,14004,29750,45199
-36,-292,900,-9094,-23099,31501,45293
-28,-120,800,7617,12774,-15312,45387
-112,112,876,17761,-31500,26332,45481
-32,-80,1020,26858,-18120,14607,45574
140,-112,988,17057,-22228,32285,45667
172,-172,1052,-6566,-32722,-14524,45760
176,-200,1208,16449,12862,10679,45854
76,-360,1120,15140,-25457,-6125,45948
-84,-180,800,32290,-5075,-13122,46042
-44,0,724,-18725,-27301,-3057,46136
112,236,688,-7270,26076,-26680,46230
16,-580,1032,-9542,25113,-14424,46324
-20,-440,1280,-5514,-25111,-4102,46418
-308,-428,1300,26599,-23715,11903,46512
-28,-384,1172,-12687,-12954,-10845,46606
172,-432,1228,-15483,-610,16363,46700
-40,-440,900,23456,-9533,-11986,46794
-96,-248,744,-6033,-22571,-16450,46888
-356,8,776,14262,22399,2883,46982
-288,-76,920,14958,-29848,-29749,47076
208,-256,1036,-24940,1222,31501,47170
-116,-380,1284,1576,4633,-11544,47357
64,-576,1296,-27466,6122,3242,47450
96,-356,948,-9880,-10675,19253,47543
8,4,728,-11636,-22401,27042,47636
124,240,536,-13395,18112,19171,47730
40,88,660,5160,30711,30196,47824
244,-452,1188,-2800,15142,12431,47918
-204,-248,1180,29312,15660,-7521,48012
16,-372,1284,-13211,-16889,10590,48106
252,-508,1360,7618,10329,-16449,48200
-120,-304,972,-11104,-2886,-16972,48294
-100,-64,704,-27208,-31061,23011,48388
-420,464,760,-31676,16530,14522,48482
48,152,788,-32468,435,-26774,48576
-64,-148,1008,-29576,-13565,-7346,48669
116,-320,1240,-32635,-3412,440,48762
-28,-368,1252,17943,-21875,-6210,48855
96,-120,1000,-16796,-18550,-21435,48948
-60,-4,668,-14610,9711,24066,49041
-60,772,660,-13920,-18290,-32363,49135
-20,-52,704,11896,11810,-17300,49229
400,-672,1276,-31408,-866,26607,49323
-140,-248,1332,-12771,-12685,-23355,49417
-52,-216,1352,1929,12162,24159,49511
112,-240,1196,4993,7178,9718,49605
-60,-168,900,31942,-11812,14089,49699
-16,360,832,-25204,2714,519,49793
-400,232,744,-31156,28254,-22053,49887
152,192,644,-7356,7783,-27647,49981
136,-452,1352,-93,-26424,-17147,50074
40,-444,1340,22925,-20912,10851,50167
-20,-160,988,-13121,-13125,-25897,50260
-24,32,824,-3322,-3850,17064,50353
-56,404,780,436,-17065,-2358,50446
132,-84,968,-25642,27558,-17404,50539
116,-280,1048,-3592,-12600,-1651,50632
-60,-368,1108,-19776,-19774,-28168,50725
156,-408,1292,-19075,1139,-20907,50818
12,-436,1180,10503,-10755,12953,50911
-232,-288,940,25992,8490,-29308,51005
-112,20,864,29140,-28701,-31058,51099
-292,92,928,-6300,-93,28611,51193
92,-128,884,-3940,22833,-7349,51287
64,-88,1020,20997,-31151,25639,51381
56,-404,1324,18636,-25724,-5511,51475
16,-364,1216,30804,-26864,-25371,51569
4,-4,864,15667,-23100,-521,51663
80,-16,624,-10411,25812,-1394,51757
-44,364,516,16002,-24758,-15830,51851
-12,-388,948,-11993,-28000,14184,51944
-52,-452,1216,-7003,1578,30539,52037
-124,-332,1188,-18725,20210,6739,52130
-40,-300,1268,-28785,22658,22578,52223
172,-368,1244,-24493,-7350,26953,52316
-168,-128,880,18468,18992,-5596,52502
-628,352,1040,19071,-25028,-7612,52595
72,240,972,14779,-23806,16008,52688
-16,-248,800,17321,5944,-10941,52782
304,-56,1056,7699,28172,25726,52876
92,-268,1200,2978,-10587,21876,52970
8,-240,1136,24504,15837,-14258,53064
72,-232,988,-18544,29397,-31843,53158
156,-28,952,6128,-24150,-18190,53252
56,56,912,-27036,526,8229,53346
108,76,1000,-16537,-22925,-32544,53440
36,20,864,-5950,26250,20309,53533
76,-48,844,1049,5428,9892,53626
-40,-20,940,24494,-32635,-22835,53719
-40,-244,1176,-4290,8399,25731,53812
36,-256,1304,3936,16014,30979,53905
-96,-484,1184,-24935,22399,13476,53998
-104,-72,1000,9715,-18289,8925,54091
-204,20,1076,16890,-11206,30625,54184
132,12,844,9012,-15049,-15489,54277
-72,204,668,-21001,7347,32025,54370
52,56,820,-20481,20736,-17935,54464
-16,-496,1140,9712,-22837,27826,54558
-36,-316,1244,24064,-22576,700,54652
84,-292,1136,12339,-4465,7968,54746
232,-232,1128,-23710,-5861,12085,54840
96,76,848,5081,-9794,16723,54934
-80,168,876,-14260,15404,12085,55028
-204,-160,876,-2536,25200,-28607,55122
-208,-84,896,4547,9972,-23008,55216
-140,-160,1060,-10414,18022,-11986,55309
20,-244,1136,-23710,19774,-433,55402
108,-208,1056,21964,-5772,-17668,55495
52,-152,1084,23800,12954,4029,55588
-112,-12,1044,-11550,6915,19687,55681
-416,116,1056,-16976,17757,9707,55774
-152,-36,1016,-11726,3319,31671,55867
-84,236,852,28257,-21004,-8492,55960
32,-96,696,4021,-27040,-27819,56053
180,-80,1128,13476,18376,-13647,56146
32,-356,1336,-7608,8400,-10233,56239
-4,-148,1216,-13210,1311,-27993,56332
184,-52,828,4897,6565,17771,56425
-16,336,608,-11731,9803,-14955,56518
-156,-220,724,-14964,8314,-30523,56611
-116,-256,1048,-23278,17324,-25197,56797
-124,-160,988,11018,-17940,-23096,56890
12,-368,1140,-2101,30187,-13732,56983
-8,-388,1212,-26335,-17149,5867,57076
-84,-308,1048,-29833,9887,-4460,57169
-212,-252,1012,-15397,-6740,-13039,57262
-544,-208,940,4112,1913,-10586,57355
144,-68,820,1662,15221,-26249,57449
172,-112,972,-17153,-23101,28176,57543
88,-376,1320,-18549,-6654,-17849,57731
128,-276,1176,-8483,171,25467,57824
256,-140,884,-21955,12683,-20030,57917
204,148,784,25204,-27736,22584,58010
68,116,772,4290,27562,30024,58103
28,-148,848,10936,-26771,15409,58196
-116,-248,1036,12508,-22049,-6646,58289
104,-428,1296,-9015,24410,1754,58382
212,-456,1236,4901,19862,3064,58475
-12,-360,1176,7968,15489,-4549,58568
-16,-48,956,-6644,12074,17674,58662
-208,192,896,26164,-14876,31580,58756
116,28,772,-12949,8747,3582,58850
100,180,744,-27126,27557,10322,58944
380,-116,944,-6566,5075,9189,59038
164,-252,1264,28875,-10758,19336,59132
56,-248,1168,26340,30974,-27035,59226
92,-68,1044,11378,-2540,23890,59320
272,28,780,21262,-9624,10332,59415
-48,176,720,-22053,5262,7704,59509
-280,-268,988,-22222,-2104,19984,59603
-1732,0,1176,4378,25738,4,59697
2040,-168,996,11550,15690,-19133,59791
-1140,-432,508,-24619,-16734,-21082,59885
-240,-672,-68,-4620,21984,5117,59979
2040,-1024,616,1928,-31090,-22968,60073
-68,-264,1060,21531,-17724,-30027,60167
-804,148,864,-5686,22660,-31935,60261
-100,212,804,11111,-27402,29668,60355
336,172,640,24671,-20567,-12254,60449
160,40,632,17583,-22839,-524,60543
356,-28,1056,-6568,20825,-13036,60637
56,-296,1448,-31587,7349,3501,60731
196,-200,1208,21089,-7617,23889,60824
288,24,1080,14087,-10239,-7433,60918
152,0,780,-28086,5162,27217,61012
168,132,716,-27383,6561,26781,61106
240,264,948,-32550,30717,-10490,61200
0,-260,988,18114,12253,10504,61294
40,-216,1220,-11112,3850,5162,61388
180,-256,1336,-5686,-8578,-2972,61482
236,-200,1024,-30447,614,7789,61576
80,-24,948,12689,-31233,-29488,61670
-32,52,844,-19425,-6733,-25732,61764
-308,64,860,19949,15396,-19698,61858
-64,188,976,14872,-28879,1133,61952
156,-4,980,29835,11546,16101,62046
212,-124,1084,-701,29050,28350,62140
288,-224,1244,-29136,-435,20824,62234
72,-180,1076,-32285,32636,8575,62328
72,28,960,-7787,14611,21614,62422
108,140,716,26333,1839,-5946,62516
-64,-28,904,11028,32282,-2352,62610
368,-220,1260,-24232,25903,-20816,62703
24,-184,1172,-8133,24151,1228,62796
232,-136,1192,11901,-3149,-17060,62982
116,-60,976,-16886,-22485,-19947,63075
-4,-8,856,21175,4637,20825,63168
0,132,772,6991,-19775,-5954,63262
-124,-52,840,24149,-25643,-11115,63356
208,216,932,-7264,-16453,-9275,63450
408,-60,1324,28000,20914,-14261,63544
252,-88,1412,11029,29312,-1926,63638
184,-156,1072,-23618,4462,-9976,63732
16,56,612,-14783,5249,610,63826
-16,572,548,3230,-26954,16711,63920
64,288,700,-1845,-4553,-28866,64014
744,-384,1132,-28439,-18104,-16446,64108
4,-248,1200,3412,24064,-14874,64202
-40,-28,1156,-10678,14521,27481,64296
268,-256,1184,-10236,-11810,-27821,64390
128,-264,1140,15842,-26947,-9358,64484
8,-60,900,-10235,15050,8229,64578
-84,180,816,-3325,27824,8487,64672
-184,108,880,20121,23007,3757,64766
248,-80,872,-29493,-29756,-25025,64860
348,-52,1116,25985,-31062,-11897,64954
312,-448,1268,9626,-12682,-10845,65048
-76,-168,1056,22053,3332,28701,65142
-124,-92,808,18725,22049,1754,65236
88,36,624,-5075,26771,21620,65330
116,128,636,2879,-28176,13570,65424
240,-604,1176,-23718,20299,1935,65518
288,-448,1172,3412,-264,-12763,65612
-304,-428,1384,20036,-26162,11118,65706
392,-488,1272,-27035,-3854,-14518,65800
104,-372,1196,19254,25026,10329,65894
-8,-228,792,-25191,18375,-8397,65988
68,-108,636,-4457,-6036,11200,66082
236,-156,832,23357,-26254,16187,66270
312,-256,1068,14783,20301,17151,66363
148,-208,1420,24235,29661,4990,66456
156,-404,1324,-17235,-16100,-11633,66549
180,-428,984,10246,-22661,-9971,66642
-60,-72,656,-12682,-5601,-11282,66735
-28,556,556,13035,12333,31946,66828
208,-176,696,7260,-8056,-1035,66921
484,-312,1116,14783,11292,-16176,67014
-152,-396,1272,-22837,31675,18384,67107
140,-228,1284,32197,-1315,-22919,67200
228,-448,1468,-26510,25900,19428,67293
36,-632,1044,14973,261,-9269,67386
144,-72,764,9109,-24149,-4810,67479
-68,204,636,-5949,-27994,30357,67572
-84,280,716,-8403,-89,-30368,67665
32,-8,960,-5254,-8056,1142,67758
56,-316,1432,32633,32636,22661,67852
196,-532,1208,-18801,20043,-11378,67946
-4,432,436,29980,21074,-7495,68040
2040,-16,-444,19260,-17434,32327,68134
1004,-364,600,13463,26370,18282,68322
1332,252,1132,-21353,5532,-14268,68416
-500,-460,1232,789,-23791,-5149,68510
172,-860,1304,-10144,615,-11457,68604
-156,-184,1100,-25018,-15662,-23271,68698
104,-236,824,-25980,20564,1756,68792
-448,-168,816,-8133,-10326,-19690,68886
-44,240,868,1833,-18556,15397,68980
188,-228,980,7872,31324,-12164,69074
156,-244,1360,-18636,24150,3239,69168
136,-484,1292,-29130,-18897,-20735,69262
-40,-88,824,9453,26075,12953,69356
-40,-16,452,18203,-19512,12257,69450
-128,852,668,18099,7436,-8308,69544
136,84,880,17847,-10850,24169,69638
84,-616,1240,-25811,12342,-19684,69732
-224,-228,1224,-8314,19071,17853,69826
72,-164,1248,-23803,-31064,4553,69920
268,-512,1428,-12510,13742,7612,70014
-8,-464,936,7445,10240,15137,70108
-112,-68,724,10067,25287,5425,70201
-376,300,900,-9712,-1145,26685,70294
132,48,924,-18556,-16976,2712,70387
-168,-52,920,1569,6732,15231,70480
104,-364,1164,26772,-13126,-4369,70573
72,-484,1260,25990,-6386,2189,70666
-76,-288,1044,19693,-29400,-19689,70759
-64,-108,976,-25718,-28265,-15132,70852
0,200,792,-5511,7610,3071,70945
200,72,736,-25551,-7696,21452,71038
-12,-60,884,31671,-19246,28970,71131
-112,-352,1020,30096,29224,-32716,71224
-28,-200,1128,13208,-17501,9546,71317
28,-396,1416,-4024,-31411,-25457,71410
-40,-440,1112,-16443,-22837,22492,71504
-80,-236,992,-19766,-29226,14612,71598
-1404,-240,1128,19511,-29050,-12517,71692
-296,340,912,26946,28516,-26161,71786
272,120,804,16619,-3242,19779,71880
52,-368,1300,1393,2191,-1832,71974
-4,-516,1428,-7962,19425,31064,72068
28,-304,1000,17153,32197,7089,72162
144,-40,804,7092,-18289,8140,72256
72,420,868,-30537,26250,-8830,72350
-112,-288,916,-21875,28176,-25276,72444
-120,0,800,-31678,-11200,9718,72538
-80,-368,1188,-8403,7085,18115,72632
204,-816,1652,32464,18199,11990,72726
-4,-560,1344,-11013,-31410,-20561,72820
16,108,1016,-30615,-29660,30190,72913
-144,124,532,7359,-26943,-19954,73006
-372,452,652,-11021,16885,1918,73099
8,372,760,16091,-15934,-5429,73192
72,-676,1392,874,22569,-16012,73285
-84,108,972,26600,-10850,-8487,73471
-28,52,560,6649,-20299,22226,73564
-300,548,600,13638,-27651,7351,73657
52,-44,812,3844,27907,-27110,73750
284,-512,1000,-4467,31153,28445,73843
80,-556,1436,-27740,-7343,12959,73936
-132,-492,1452,3851,-3755,-4194,74029
-204,-348,1148,2368,2886,-4015,74122
-72,64,960,7003,-15925,-9010,74215
-160,0,792,-9972,16705,9450,74308
4,112,672,15224,5335,11117,74401
-36,24,1040,15833,10497,-11805,74494
-260,-492,1452,16100,5594,-3404,74587
64,-460,1228,-16621,23708,23806,74680
64,-156,804,-21869,-1664,-4718,74773
68,432,588,-5426,-12249,-29476,74866
-32,236,544,-25990,2539,-29823,74959
-84,-380,940,-178,-2357,-7958,75052
-312,-188,1496,-17415,-23451,26776,75145
20,-620,1732,28176,-31940,-16447,75238
44,-632,1452,20573,29750,-30886,75331
40,-96,888,-26588,-8922,18901,75424
-176,436,368,-4371,-13647,-7261,75517
-76,480,516,19766,-10865,-27650,75703
532,-724,1488,23893,-29840,18636,75796
348,-344,1404,-19148,-31758,6392,75889
60,140,900,26254,26518,-17844,75982
-120,636,540,-11029,31679,31509,76075
-192,788,444,20026,-24412,3343,76168
20,196,492,-17168,3160,14532,76263
-348,-972,1164,-10073,-17150,-29310,76357
-320,-948,1904,4292,-184,-12158,76451
128,-616,1460,-3488,4985,-22654,76545
152,-80,1028,-30354,-21432,9718,76639
-212,296,528,-85,5081,19512,76733
-296,520,600,-10156,-12250,-5337,76827
-180,140,608,-30459,10585,-25639,76921
-180,-536,1116,2972,-23717,-23271,77015
-292,-520,1452,-19685,-23543,9279,77109
-20,-244,1316,23453,4896,21707,77203
-48,-288,1000,-11894,1658,7973,77297
0,592,712,-3500,-15926,30109,77391
132,504,576,8307,19167,30374,77485
-112,-480,1104,-10681,-9010,-6027,77579
12,-776,2024,26687,-1135,-25191,77673
-176,-1116,1588,-5504,31058,27484,77767
-24,56,872,4642,-21353,10678,77861
172,-152,-204,29249,22571,-25021,77955
216,1548,-28,-9899,-10153,-26162,78049
-64,640,388,-27844,28786,4456,78143
-888,-1960,1880,28795,11973,15060,78237
244,-380,1580,-12241,-16450,-6726,78331
392,304,720,-3070,-19760,279,78425
20,368,356,17748,10071,-31923,78519
-760,-964,800,-13,-18199,-14614,78707
-856,-1124,2040,23893,22912,10510,78801
-312,-1284,1976,26447,-32206,-6457,78895
292,-192,948,22152,-12934,-23001,78989
-180,208,96,-17920,-30446,-27368,79083
64,724,504,16444,-13210,-29468,79177
-1852,-56,1432,-14623,16729,-10303,79271
-144,-252,992,-5076,-27588,4383,79365
592,332,756,14173,11805,-5410,79459
448,272,156,28519,-4885,16131,79553
176,904,832,11369,-26134,-14141,79647
-2040,-736,2032,-6665,26524,24490,79741
1268,144,1196,26938,-9573,-22006,79835
2040,276,-160,4172,27318,-15508,79929
-440,-252,144,7154,-17611,-27208,80023
-2040,-1004,548,-23832,16011,-1231,80117
-456,772,1276,22798,-16668,32621,80211
1304,120,620,-28179,2388,18363,80305
-520,228,-668,29876,-13074,-6592,80399
-1848,-380,-92,8302,-18909,30519,80493
-1808,-1144,832,27942,31559,16449,80587
-76,-1200,1216,-15575,3099,-30515,80681
224,-888,1212,-17331,17418,30374,80775
-296,-364,620,24418,-5680,-29200,80869
-632,60,476,-19763,-26599,18918,80963
-408,180,552,24849,-28368,-15746,81057
-248,-692,1068,6735,18707,-13293,81151
-52,-856,1496,18992,-30546,-21602,81245
56,36,1144,-4635,-7351,-29566,81339
-40,72,528,8049,32464,-4804,81433
-76,592,356,13294,31499,-18012,81527
-316,-460,820,-16017,-6385,12962,81621
-260,-1464,2040,24504,32279,-8562,81715
224,-192,1256,-10058,-28172,-25980,81809
-196,364,412,-19342,8399,9901,81903
-8,552,348,30100,-16628,22855,81997
-192,180,984,-9269,21526,9985,82091
-944,-572,1636,-4893,-4823,-2626,82185
164,460,936,6383,30793,-522,82279
168,-44,144,11114,-25458,-16968,82373
-292,1136,520,27124,-22127,-22041,82467
-1164,-1648,2040,9807,-2030,30272,82561
208,268,1428,-28525,8830,-9551,82655
144,-320,144,-3929,28265,4732,82749
80,1012,256,5693,-6205,20917,82843
-556,352,1376,3246,-2540,13032,82937
108,548,1604,29747,29922,31936,83031
40,144,324,-31061,-14174,0,83125
-32,1360,288,17123,-13472,-24752,83219
-356,28,896,12769,-18029,-7618,83312
448,-816,1980,-27561,13389,-13649,83405
144,-12,1228,-16012,10853,-27383,83498
-56,20,472,25724,-16358,-86,83591
-220,72,748,-17510,29562,-28962,83777
344,-400,1484,-16890,26162,26164,83870
120,-520,1696,-25369,6565,23012,83963
48,-196,976,32642,23978,-26512,84056
-136,64,488,-7526,-8661,-30885,84149
-56,636,212,15301,13824,23710,84242
-428,-264,748,15652,-30374,1241,84335
168,-924,1592,19689,-6386,29751,84428
-16,-892,1848,25734,614,-12683,84521
-116,-336,1132,-16004,-25024,12868,84614
112,-180,660,23545,-16882,-3235,84707
-244,356,356,27298,10497,18107,84801
-312,304,608,-10162,-2899,14356,84895
256,-572,1276,21522,1225,21699,84989
8,-280,884,-10494,15139,17765,85177
-112,48,512,18285,-26250,-11019,85271
-292,488,456,-25821,-6134,18565,85365
-48,-284,952,-21617,28260,-23084,85459
-8,-664,1664,25464,20300,-10932,85553
184,-740,1676,185,13478,-10405,85647
-76,-476,1084,-16965,31414,13221,85741
172,-100,580,-31497,5696,-6994,85835
-176,448,400,16183,14262,13911,85929
-180,252,512,9096,2618,6125,86023
-108,-436,1544,5249,-12256,-7875,86117
-56,-428,1524,27570,-24497,-9450,86211
168,-220,848,-31051,13920,-3232,86305
-428,-76,516,-6834,18204,-26950,86398
-260,-624,1384,2268,-19956,-14773,86491
-416,-284,1380,31847,-1140,17414,86584
4,-264,1396,24064,3930,-10754,86677
24,-600,1124,8760,-14087,-11805,86770
32,104,744,-948,28264,-27029,86863
-304,832,744,-25897,-6377,27743,86956
-100,752,540,-11379,17065,-20737,87049
-376,20,816,-10862,-30187,-12692,87142
-156,-560,1600,-13306,23705,-30450,87235
116,-468,1308,21965,-19956,5164,87328
-128,72,924,-24407,22226,17411,87421
-148,260,504,23890,-524,-25897,87515
-216,548,492,11366,-16278,-31846,87609
-124,-124,836,-17248,-30192,25562,87703
-216,-656,1328,-14181,32725,17590,87797
316,-688,1620,-11111,-12074,-9005,87891
-124,-340,1188,5432,6656,20482,87985
-68,-36,816,2370,-9535,17248,88079
-412,404,736,-6386,3593,4196,88173
-172,556,640,-7968,-8931,21787,88267
-136,-8,1124,7868,-2457,-23532,88361
-12,-592,1604,-3850,-6387,30100,88455
4,-368,1100,15231,14349,-7610,88548
-40,16,644,9281,23189,10764,88641
-256,632,608,13908,-26772,-15485,88734
-156,200,640,-10943,21169,-11713,88827
-144,-332,1276,-29056,15309,14442,89013
164,-600,1724,-347,7437,-18805,89106
-140,-392,1316,30721,-3497,23368,89199
-48,-104,852,27396,-18808,14531,89292
-304,580,616,-15312,21878,3761,89385
-216,184,612,-7706,24408,25374,89478
32,68,748,-16460,-19340,14264,89571
-248,-512,1492,-26165,13646,27736,89664
68,-544,1404,-4982,-10941,529,89757
-40,-236,996,-1654,8662,-9622,89851
-112,368,772,28000,-10324,22753,89945
-200,344,584,20210,3585,26345,90039
-4,104,664,28341,-22225,-18713,90133
-92,-592,1364,-30451,10149,-12771,90227
248,-792,1840,-27729,14179,-18719,90321
-48,-300,1212,14010,-8921,20218,90415
48,92,752,23893,-21955,-29922,90509
-276,456,300,8489,6039,-18996,90603
-340,624,500,6027,17314,-2453,90697
52,-204,1172,3235,14694,16892,90791
56,-664,1436,-27816,9189,21262,90884
-128,48,796,23978,-5074,-7433,90977
-108,196,500,27383,-1660,-26685,91070
-184,916,300,-13401,2886,-31404,91163
-364,-400,932,-8149,28000,-10051,91256
-396,-892,1180,-27917,3847,-17757,91349
-300,-672,1556,-32460,-12951,22148,91442
-192,-716,1700,9985,-27474,3424,91535
-204,-372,1180,-1477,-21435,11299,91628
-216,12,840,-19333,-3497,-13028,91721
-232,-164,588,-3414,1836,6303,91814
-216,188,572,20818,-8669,-21779,91907
-280,-104,1376,-21439,-2807,24939,92000
-104,-52,1052,-17149,-14179,29054,92093
56,-224,564,-8833,5426,-7343,92186
-20,760,588,-5251,23453,-4808,92279
-264,-164,1316,-5867,30979,-10843,92372
-508,-240,1340,7872,-30890,19779,92465
-356,-44,1068,31410,29307,-21341,92558
60,-356,1400,15756,-16449,32732,92651
-44,-416,1144,448,-4986,6482,92744
36,216,884,-7174,-18197,-6824,92837
-116,260,548,-10242,-22401,32282,92930
-220,200,752,-9629,-3335,-21875,93023
124,-364,1392,-17850,30357,-14703,93116
100,-24,1284,26689,-2712,2268,93209
68,-48,852,-29046,6999,-14531,93302
104,4,424,23443,-31143,-13217,93395
-264,412,780,-23886,-26607,16984,93488
596,-20,1164,8750,-13729,-3157,93581
-316,156,904,-30803,-14531,8315,93675
-28,132,912,11280,-30892,21262,93769
496,-656,1352,-29226,16710,-4448,93863
-232,-268,1212,16543,16118,23892,93957
-640,396,964,22670,12597,28706,94145
168,840,536,-24412,-4909,7,94239
-92,728,488,7343,83,-9100,94333
28,284,664,31049,-10854,28179,94427
-88,-296,1428,-7442,-26164,-18110,94615
260,-420,1224,12514,-31239,-608,94709
48,152,880,-10934,-14086,-10322,94803
-84,376,756,-8489,30362,-22486,94897
200,-4,748,22046,8224,15935,94991
-116,-148,936,-26167,-5421,10768,95085
16,-536,1316,-24325,32378,27478,95179
68,-548,1440,18904,-14173,20040,95273
-156,-212,1180,-10930,19428,-2447,95367
-196,52,944,-6383,-13736,-2625,95461
-316,300,712,-1924,14697,1746,95555
-52,392,612,-26517,-6392,13644,95649
-28,64,756,27116,5507,-5336,95743
168,-572,1280,2535,-14261,12078,95837
-88,-288,1352,-26686,-10676,-28699,95931
-92,-256,1180,-30008,8483,16451,96025
200,-20,956,-23796,-24589,-6908,96119
-68,372,784,-27912,-14350,-13911,96213
124,236,720,11808,27736,23813,96307
80,-284,964,26949,-27821,-23176,96401
36,-432,1256,-30710,2193,-30707,96495
144,-380,1356,16103,-21694,-31233,96589
-220,-228,1244,-27557,-1574,-25283,96683
-192,0,1064,-27822,-4990,-16362,96777
-280,328,868,-18640,7607,26860,96871
104,376,648,-967,13296,31589,96965
-44,108,736,-18204,11635,-30447,97059
12,-236,1108,-19775,-31851,9631,97153
36,-432,1460,-26508,6299,-20297,97247
-56,-252,1068,-15655,-18114,-5244,97341
124,164,924,-10847,20212,9109,97434
56,296,752,31321,11553,-32193,97527
104,248,792,6557,-3147,-18277,97620


Stopped
Enter command>Connection closed by foreign host
