Here log for real horse accelerometer data. Accelerometer located on halter on the horse head,
between ears. Here 3 sets - 10 steps, 7 steps and 15 steps.
z - vertical axis, x - from left to right side of the horse, y - from head to tale. 
ax,ay,az - accelerometer data, gx,gy,gz - gyroscope data. ts - timestamp in milliseconds real gyroscope data multiplyed by 10 000
frequency - 10 Hz

----------------------------------------------------------------------------



I am alive! enter command>

Starting measure, name: alaska10715


ax;ay;az;gx;gy;gz;ts

212,136,988,-8050,-8225,-10675,1
212,136,992,1925,-7175,-6912,94
220,124,1000,-3150,-6300,-21875,187
204,124,1008,-1925,-27212,-25112,281
204,140,1004,-13037,-31850,-30187,374
216,144,984,-18287,-19250,31849,468
220,136,992,-4375,-12600,-26950,561
212,148,988,-4987,-11200,-5250,654
216,132,988,-12075,-10237,-5775,747
220,136,1004,-4462,-7437,-1137,840
204,128,1004,787,-14437,1837,934
228,132,992,-3937,-3062,-1925,1027
212,136,992,-7262,-11900,5162,1120
220,136,996,-13825,-5950,-8925,1213
212,132,1000,-1925,-21525,-2887,1306
220,128,1008,-2800,175,2975,1400
196,120,996,-4462,-1662,1050,1493
212,124,992,-8575,-14000,-3850,1586
220,128,988,-20212,-16100,-17850,1679
228,132,996,-3675,-14000,19075,1772
204,132,992,-15311,20125,21525,1866
228,144,996,-7875,-11550,14000,1959
220,132,1008,-7962,-5950,14700,2053
220,136,1004,2537,-1050,-1925,2146
212,112,996,-87,-5600,-24587,2239
216,132,988,612,-12162,20737,2333
228,132,992,-7612,7175,18725,2426
196,104,1020,-7262,17237,23275,2520
236,116,996,12162,29050,22664,2613
220,124,1004,-25024,14876,-4021,2706
160,132,1008,-31411,19339,-23883,2800
156,116,1008,22925,-10936,6128,2893
140,116,1028,7700,7612,13301,2986
148,132,1012,-7262,-24762,-29136,3079
188,132,996,-13737,-30975,-7961,3172
188,124,996,-262,13825,-13124,3266
164,112,1008,7612,22225,-13911,3359
156,108,1016,-262,6125,-30186,3452
152,120,1020,-5775,-17062,29662,3545
180,112,1008,-9012,-9712,20650,3638
156,104,1008,-7612,-1662,-2712,3732
156,112,1008,-2012,-13037,-6387,3825
164,68,1016,-24236,12600,-31236,3919
168,84,1012,19775,2362,15925,4012
156,96,1012,3500,-7612,10675,4105
156,140,1004,-13737,-22837,23012,4198
164,120,1016,-7262,-16012,16187,4291
172,108,1020,-9800,-13037,-17412,4384
168,108,1024,-1662,-5775,4812,4477
164,116,1012,2800,-8225,11287,4570
168,120,1016,-2887,-11287,2012,4664
148,120,1004,6037,-700,27825,4757
168,132,1000,-17500,-1312,5950,4850
152,120,1024,-24500,-13212,-6387,4943
160,104,1016,8837,-6475,23450,5038
160,112,1000,13300,8575,-22750,5132
144,104,1012,-25724,-6737,6562,5226
136,112,1048,4814,-28175,700,5320
288,208,1024,6651,29839,-16101,5508
212,128,1048,26776,-30360,-23014,5602
68,184,968,353,-27386,-31061,5696
128,144,720,-26246,-11460,-9187,5790
-124,640,864,-32028,7261,25550,5884
-48,432,952,-26253,4547,-13301,5978
16,556,1080,-10592,-19081,31935,6072
304,-16,1016,-21439,2972,-20218,6166
324,484,896,14957,-11025,20124,6260
36,48,936,-7965,12774,23710,6354
240,-72,1096,-19425,-2887,13037,6448
204,-8,1216,6562,6211,-697,6542
200,8,1060,7701,7437,-15133,6636
128,56,952,27565,26599,31765,6730
248,228,752,-31762,1228,32554,6824
136,280,1136,-18724,-23361,7264,6918
212,76,1240,-16712,-1662,16362,7012
160,40,1060,-5861,-11814,-17064,7106
120,140,964,-6476,-12428,-31414,7200
244,176,1028,3412,7786,-32462,7294
320,-44,984,-15046,8401,2974,7388
120,224,824,25465,-10849,-19779,7482
52,712,868,-7964,-10328,30705,7576
312,8,1124,-27651,26075,-5336,7670
56,228,1080,10318,22310,-11196,7764
224,72,852,3233,-16540,23974,7858
400,8,1060,-18200,-4810,31415,7952
284,-100,1136,-5597,-8835,19250,8046
140,-76,1144,-23183,30539,-10755,8140
68,124,880,23450,-16801,21004,8234
124,148,624,-27829,-12161,-16963,8328
336,56,892,29922,20920,-32102,8422
52,-56,1212,32460,-8837,7181,8516
-112,-228,1040,14089,10496,18817,8610
204,-84,1192,32024,25111,22489,8704
76,-204,1232,20742,-17147,-19162,8798
-68,-56,972,4906,-31237,2800,8892
96,80,868,-29569,9099,-22311,8986
24,372,860,20737,-25200,-10671,9080
-12,268,888,-356,-4636,19600,9174
144,240,952,6819,-27126,12861,9268
284,-184,1284,11376,612,20740,9455
152,-228,1292,-18546,-9975,7526,9549
120,40,900,17065,-31764,-15044,9643
184,128,544,16804,5599,-3671,9737
116,244,712,30093,-3235,-24935,9831
172,-116,1220,-21618,-10412,-26596,9925
60,-276,1188,-17589,7875,-5419,10019
96,-152,1136,24151,10675,24064,10112
144,-144,1180,176,7261,4375,10206
96,-100,1008,13042,18725,3236,10300
76,0,892,-27383,11637,-18640,10394
52,104,868,19515,-26072,-12870,10488
-188,388,912,-13304,16885,23263,10581
-16,64,900,26855,258,-9192,10675
532,-60,936,22921,6385,3242,10769
256,-244,1288,-4375,356,-3761,10862
100,-92,968,29320,-5339,-2449,11050
72,208,640,-2269,-7526,-31583,11144
208,248,668,31410,28350,-28519,11238
84,104,1068,-21704,22928,2187,11332
20,-60,1032,21258,8747,-32637,11426
208,-32,1036,9711,87,25725,11520
168,-120,1144,-32550,5862,15399,11613
100,-192,1152,-18022,-5862,-31151,11707
80,-52,964,-29746,-15401,-2189,11801
92,96,944,17765,-17501,-27478,11894
36,384,1004,-965,-24849,-12432,11988
-72,132,1148,-25901,30882,3057,12081
320,152,948,-6040,27033,6385,12175
444,-48,1068,-31325,-11022,15140,12269
128,-216,1192,30104,9889,-18110,12362
120,104,908,-22046,2537,-1569,12456
128,120,732,26951,-20212,28445,12550
136,288,696,13910,-11376,-2968,12644
308,-116,1232,1664,-29224,3762,12738
348,136,1232,-28962,16010,8576,12831
268,56,952,31324,697,-11197,12925
444,12,984,18811,1670,16976,13019
48,-56,1204,-16186,-5944,-22050,13112
56,-60,1060,31153,4376,29837,13206
-44,92,920,-30796,-17062,11460,13299
16,260,848,18286,29222,3321,13393
-108,364,932,-12690,12768,23880,13487
240,108,1116,26335,-24856,25461,13580
564,148,1024,14786,-16360,31149,13674
312,-4,1084,-20387,17765,-5072,13768
252,-60,1108,-13997,12689,-8836,13862
260,-40,1044,-10847,21614,9012,13956
-20,40,900,-11283,524,-12950,14049
68,284,700,30012,-24065,21176,14143
288,776,776,-25465,12950,-1485,14237
328,-8,1016,-24239,-25722,-2712,14330
12,24,1224,28786,-28703,16887,14424
292,0,1072,-22487,31150,-22400,14518
260,4,1040,21699,-26686,2801,14611
88,72,1108,17590,-9187,-32464,14705
260,-12,1144,31503,-11724,17324,14799
116,4,992,-29569,-32462,-23275,14892
60,128,988,-16624,-615,-18115,14986
-20,456,1076,22221,-19607,-27917,15079
232,196,944,27824,4372,16096,15172
412,192,824,22662,14353,4200,15266
112,244,880,6561,-2274,27565,15359
192,128,1032,-31499,-9711,28701,15453
256,4,1124,5253,-18024,-18371,15547
148,168,1008,-6996,-31061,-23882,15640
100,160,604,-7615,-17064,12959,15734
344,724,724,-29929,7178,19779,15827
392,20,1128,-31328,-6821,-27208,15920
104,20,1136,-14347,14524,15053,16014
172,96,1268,-6472,24847,-440,16107
56,364,860,17859,-11375,-23890,16294
212,380,652,24420,-22486,17057,16387
-112,300,664,-25737,-175,-11390,16480
48,444,768,-10682,25728,-23100,16574
176,248,872,-2634,-5779,-1840,16667
364,64,1236,20468,14004,-9266,16761
-40,-144,1248,-9101,2546,-22219,16855
28,12,1032,-22574,5515,7265,16948
-196,240,856,-3061,13739,-29483,17042
260,696,760,3940,-22139,-5323,17135
120,76,1032,-1136,14009,12094,17228
-400,28,1208,31936,-22302,-26588,17322
-340,-48,968,-18289,-8401,15495,17415
252,56,1012,6816,27124,-32636,17508
-116,-564,1396,10061,21961,11196,17602
88,72,952,-30883,-28968,28876,17695
44,0,748,-27032,26251,11550,17789
-464,208,1024,-10843,24678,24761,17882
408,200,920,15216,-12775,-26772,17975
-336,-288,1000,-541,617,19774,18069
-80,-320,1320,24935,25983,-26075,18162
168,-348,1208,-79,-26340,24328,18255
116,-92,1068,28621,-1314,-10055,18348
160,-108,668,14882,16887,-27116,18441
312,948,756,-31765,-3666,-21687,18535
-196,0,1104,-9285,-2004,-12858,18628
-352,-456,1244,-24676,26521,-5161,18721
-192,184,972,-2628,-25037,12517,18908
136,-188,980,-27208,3149,-3402,19002
-60,4,992,-14083,11375,26693,19095
-8,-8,1012,2365,24587,-31494,19188
-112,-80,1048,21790,-28610,-21176,19282
-324,276,1196,26336,29135,26599,19375
72,144,1016,27733,-2890,-4287,19468
52,228,836,11108,-11899,27128,19562
12,176,960,-4818,-8222,-8046,19655
-84,-296,1100,-3415,-9622,-22919,19748
-196,-292,1148,-349,16362,-1130,19841
-112,-28,964,-4461,-4989,19171,19934
-48,-208,936,24940,-16103,15674,20028
196,428,1012,18899,15490,-12324,20121
-112,-188,1208,17499,-26683,6,20214
-200,-52,1028,26249,-22660,15846,20308
-316,4,936,-13912,4990,-21163,20401
-376,-32,940,24233,-7614,-10315,20494
-208,-188,1092,2972,-11904,27479,20588
0,-124,984,-9451,22047,23018,20681
160,-192,872,-28178,-17932,24414,20774
-532,-204,1080,8400,4368,-8493,20867
-152,-276,1120,-9711,25715,6214,20960
300,-248,1072,31762,-28087,10503,21053
116,-60,1008,-8139,16100,12514,21146
-4,-176,1008,27475,-16453,26339,21239
172,-176,924,12514,-4900,14967,21333
-40,-156,1088,22312,19862,9539,21519
76,-80,1016,4462,1751,-29574,21613
-124,-32,920,10847,-17326,17418,21706
64,-312,1104,-31060,-12687,24937,21799
-100,-96,1020,5778,8399,-21343,21892
152,56,1056,-261,-18810,-4547,21985
-116,-68,1056,-24760,-32200,14529,22078
12,44,1028,17326,-3762,26078,22172
20,88,1016,-7349,32375,-31935,22265
-76,68,1000,-23974,11374,17501,22358
-36,96,1012,3325,28349,31587,22452
-24,52,1044,-15662,-24937,-13475,22546
-28,68,1048,-16275,-18900,-4114,22640
-64,60,1032,4375,29836,-15137,22734
-12,56,1020,-12775,-5600,-1487,22828
-28,76,1036,-16450,2100,18900,22922
-32,64,1028,-5950,-26162,4725,23016
-24,44,1044,24849,20736,11725,23110
-8,32,1028,-6737,16624,24849,23204
8,60,1016,12950,15486,-22750,23298
28,68,1000,-17325,23624,-21875,23392
28,48,1016,-32112,-25987,11025,23487
0,24,1032,26074,-6475,14612,23581
8,48,1044,-17062,-11287,4812,23675
8,24,1032,2712,-15400,-1050,23770
20,40,1016,-2887,-21175,2625,23864
12,36,1016,-6562,-8225,0,23958
4,36,1028,-11987,-12950,1925,24053
4,32,1036,-16012,-24849,7000,24147
16,24,1040,-11112,-16887,6737,24241
8,32,1040,-262,-21962,-4725,24335
20,44,1028,1050,-31237,-4900,24429
40,36,1032,-16450,-13825,-5512,24523
24,40,1024,-6650,-17500,-262,24617
24,36,1028,-4637,-16537,-9362,24711
24,40,1024,-2012,-12775,-9800,24805
16,32,1036,-6737,-20912,-9187,24899
24,28,1032,-3237,-17675,-14262,24993
32,28,1040,-5862,-18812,-5600,25087
12,32,1028,-7000,-18812,-2362,25181
52,40,1020,-14087,-11112,-4637,25275
4,8,1036,-3850,-16625,350,25369
40,16,1052,4812,-25200,-12250,25463
36,28,1020,-3237,-9887,7612,25557
28,44,1024,-5250,-2362,-1662,25651
20,32,1012,-12687,-15487,-9625,25745
48,40,1024,-13037,-10762,14962,25839
28,32,1032,-7525,-7000,-2186,25933
36,20,1040,3412,10412,-86,26027
28,28,1048,-4812,23800,1051,26120
20,4,1036,23275,-16974,6476,26214
12,40,1032,16450,-4111,-6124,26308
-40,32,1040,1400,2975,-18199,26402
-28,40,1040,-10937,17061,24937,26496
16,32,1044,30361,7961,8400,26590
40,16,1036,-14437,-26687,6912,26684
40,28,1024,11637,-8662,20825,26778
12,40,1024,-19950,-7000,21962,26965
20,12,1036,-18200,10062,-31236,27059
4,24,1032,-11375,4287,-23274,27153
-8,20,1020,-4287,-21875,-25374,27247
12,24,1036,-17412,24761,-4986,27341
28,16,1028,-28175,-21525,-20386,27435
40,8,1040,-19600,-18287,-16974,27529
32,0,1036,3062,31236,-11024,27623
-8,12,1044,-2537,-1,-16361,27717
24,12,1076,-32200,-21964,-3239,27811
60,-12,1040,-22225,15835,14261,27905
164,-20,1004,-12161,-18375,-31326,27999
100,12,1012,11726,10850,-439,28093
56,20,1024,-16974,5600,7261,28186
56,32,1044,2014,20036,-28875,28374
28,56,1044,31676,-31851,-19250,28467
76,96,1036,18289,-3589,32199,28561
116,152,1000,7175,-28525,-23275,28655
104,116,992,26336,9975,437,28748
96,100,992,22486,19075,700,28842
88,100,1012,-26862,-3325,-23362,28936
80,80,1032,-7700,32549,28610,29030
112,68,1032,787,-8225,17324,29124
84,84,1040,-8050,26249,5949,29217
100,76,1028,-7087,-29575,25635,29311
124,92,1016,-17500,-15050,-9014,29405
100,88,996,-17937,-17937,-24937,29498
120,96,1000,-30887,8925,-22225,29592
104,92,1020,-3850,-27212,-24675,29686
72,60,1032,16450,-26775,-9975,29779
120,76,1036,21000,-15137,-26075,29873
96,80,1028,-3062,13825,27649,29967
124,88,1016,-5162,19075,-6125,30060
76,92,1024,5337,-11637,787,30154
108,100,1016,4987,12424,-3412,30247
84,112,1008,-6650,3062,13125,30341
84,80,1024,-525,-8750,5425,30435
76,100,1012,-350,-1662,-4812,30528
56,84,1012,-19862,3062,-3587,30622
64,96,1032,437,-10850,-7525,30715
64,68,1036,-5687,-4550,-262,30809
68,92,1036,4637,-4287,-4200,30903
68,96,1028,-4375,-437,-2975,30996
68,92,1008,-5950,-17325,-2537,31090
72,104,1012,-11025,-11462,-3762,31184
68,108,1024,-3587,-20650,6737,31277
92,96,1012,-5950,-29925,-8400,31371
52,84,1036,-19862,-18025,-23975,31464
72,72,1048,6825,699,26861,31558
100,76,1020,20825,14174,25636,31652
100,108,1056,-4199,-5339,-10676,31745
52,48,1132,-11460,-528,6032,31839
68,132,1092,-23354,5152,-17857,31932
256,316,908,24857,31402,-4298,32025
376,424,804,21965,-13306,5065,32119
228,444,812,-28178,-19951,-6220,32212
160,432,852,-14878,-3414,30177,32306
120,312,852,-32547,-29751,-1575,32493
408,464,860,-29569,-11643,-4019,32587
616,588,936,-29924,28354,13212,32681
268,364,1036,-30101,-25193,-5864,32774
192,556,892,24587,20920,-3150,32868
-92,816,824,-22753,11114,-31322,32961
52,448,808,-18992,-4639,-21436,33054
116,628,732,2265,-3768,9456,33148
296,24,752,6818,27215,-30708,33241
644,268,1020,26323,-31232,27210,33335
604,-56,1116,-32135,-323,-27057,33429
-432,-744,1320,-22934,10328,-17251,33522
-392,-516,1200,-15400,6481,13199,33616
-444,-236,1284,-21165,-29671,11102,33709
-144,44,824,-19855,-19079,7433,33802
8,144,880,-2360,16622,-20733,33896
424,336,680,-16462,32206,21690,33989
-12,-336,760,25267,-19419,-30100,34082
-12,-516,1048,30168,21714,5778,34176
-92,-848,1224,-1139,2982,12771,34269
-76,-976,1124,-17297,24248,-21251,34363
-948,840,788,-28853,29584,-15126,34457
-584,684,364,19498,21095,16979,34550
-488,452,196,-30484,17074,-19315,34644
-1344,-1240,860,-624,19140,6635,34737
-436,-912,964,-18543,11534,27379,34830
32,-816,948,18393,31493,13902,34924
28,-312,784,-18359,-13917,19851,35017
-196,32,1088,-6640,14958,-8765,35110
128,240,944,-19078,-20036,-18554,35204
-160,316,904,19940,30976,-22132,35297
-120,-76,736,-6301,-22746,-24232,35391
-560,-476,1008,-11108,-23101,-3494,35485
-260,-140,1036,11287,2275,-29218,35578
-316,-500,1040,-30885,-26164,12966,35672
-224,28,1108,-20736,-15842,24341,35765
-188,-456,1120,20392,-268,-27282,35858
-140,88,932,-8839,-20390,21620,35952
-144,-40,864,2887,20385,22409,36045
-176,-284,1048,-23446,5160,-30180,36138
-160,-240,1144,-20907,22657,-12332,36232
-20,-68,1016,5867,2532,8493,36325
152,-108,960,24242,-6389,1314,36418
48,204,952,-4992,3237,3844,36512
-212,312,1064,3496,3232,-19604,36605
32,84,944,25458,27298,31326,36699
68,-32,836,-29315,-13474,7354,36792
304,80,1076,15221,30201,-20911,36885
220,-16,1072,-2104,-30871,6732,36979
-396,-188,1184,4986,-18376,-30011,37072
-108,-36,876,-3678,4372,-12766,37165
-300,8,908,-16186,6991,21792,37259
-168,-220,1252,172,28607,-19949,37352
-280,-180,1108,-4204,19327,1756,37445
8,-4,872,-24154,18282,-13117,37632
120,-188,1028,-13204,-17239,-27558,37819
228,80,1052,-23621,-261,-20121,37912
56,100,676,6999,6304,-8571,38005
-316,84,744,-19428,-21699,-6999,38099
204,-216,1200,-13733,7777,-524,38192
128,-372,1164,7267,15132,22664,38285
288,108,868,15053,-32118,29670,38378
320,252,648,29137,25286,-21776,38471
-28,-296,1104,-7435,-3324,1756,38564
232,-444,1404,18897,-7090,10946,38657
176,-240,984,-16278,15925,-26857,38750
-56,-92,976,20911,28524,8926,38843
212,-280,1060,18461,24059,-5600,38936
232,-356,1160,-15747,21700,-27821,39029
400,-320,984,-21524,-30530,6647,39122
-136,-360,1084,-22044,-17226,-29226,39215
-304,-64,1024,-7168,30624,20902,39308
-360,344,764,-11901,-17499,-23718,39402
124,28,728,4633,23874,30193,39495
120,-208,1068,24760,26600,15315,39588
348,-232,1072,-26771,13560,-11197,39682
276,-220,1140,-26771,21175,32378,39775
240,-100,932,3767,-15137,-15744,39868
192,512,824,-16361,-3150,-13990,39962
276,152,960,-17237,17765,-7691,40055
172,-240,956,-18992,-26683,7351,40150
-196,-84,860,9793,25547,-3326,40245
-12,-388,1116,19419,11721,-3939,40339
372,-512,1172,32461,30799,-14260,40433
224,-536,1144,-15482,21878,24239,40528
4,-140,1128,-31319,21178,-21881,40622
-200,-20,1056,5343,-4550,-24068,40716
12,348,1004,-25372,-23892,-27217,40810
60,252,600,23012,-1403,31501,40904
72,132,696,-11551,-8143,2367,40998
508,-108,836,-18381,22926,-25807,41092
36,-280,1244,4458,16361,-14436,41186
300,-484,1324,-9185,31147,18289,41280
292,-336,1084,-10230,15835,-30707,41374
240,276,952,9189,-20039,-28429,41468
340,-12,820,-22572,13389,-12246,41562
4,8,816,-11899,30011,13306,41656
0,0,960,-30186,21347,19514,41750
196,-152,1076,-260,12686,-32022,41844
352,-224,1220,-6647,529,-31497,41938
136,-104,1148,31764,18465,-17405,42032
40,-56,1068,-4110,19601,28353,42126
-40,400,1064,-790,15137,10850,42220
260,372,772,-17684,30364,-27131,42314
104,136,688,32630,-18633,6821,42408
112,-52,1056,-19343,22576,-28699,42502
-72,-580,1328,-21872,-30540,-9710,42596
156,-448,1344,-23793,-4029,24939,42690
28,164,856,-9272,16101,9987,42878
-128,104,728,18989,6912,-30695,42972
-16,116,996,5247,13826,-26673,43066
-204,-264,1092,-27215,31675,6926,43160
-68,-36,980,-1490,-15665,13214,43254
96,-324,1152,14178,-24679,16453,43348
328,-188,1092,-24144,16975,17328,43442
148,-96,1068,10243,7962,-29662,43536
124,220,1088,-28257,10589,-29571,43630
44,324,960,-31408,6214,32025,43724
-108,360,648,-31936,16096,-15397,43817
260,380,516,17140,6564,10587,43911
376,76,812,-15673,-6474,-18461,44005
56,-244,1264,-7265,-7534,17850,44099
-80,-612,1620,-23011,-28096,28262,44193
188,-716,1452,-9966,-3940,21882,44287
304,116,828,-13383,31064,21009,44381
76,428,476,6033,-9101,19431,44475
360,164,396,-32385,29246,-15579,44569
1076,528,448,-31100,10429,-25725,44663
-828,-1680,1304,-29574,-15487,-11034,44757
-324,-792,1440,5091,-30017,17666,44851
-100,116,672,-3742,14697,12594,44945
-368,712,780,31854,16886,-26426,45039
-412,188,644,13816,-13479,-16972,45133
160,-24,756,13028,23094,-32019,45227
-236,-1028,1260,9704,-12768,-31500,45320
-108,-456,1248,-30797,6207,-8301,45414
152,-324,924,20743,21952,-1123,45508
284,-64,960,-25894,30275,-28685,45602
-124,-48,1040,-2097,-23271,3863,45696
-132,12,976,-5776,-5074,9981,45790
-216,-168,868,20910,-10328,-25190,45884
-212,-136,976,-4462,30971,-4538,45977
60,-344,1176,-4292,19686,20393,46071
136,-436,1148,3501,-8575,-14426,46165
-208,-300,1076,25296,8839,9279,46258
-88,180,876,-9529,16622,31850,46352
-28,428,904,-5689,-29139,-7006,46446
-148,68,860,-20040,-15051,-28964,46540
-152,-72,852,17236,-13915,-27904,46634
36,-312,1084,2451,32458,-3405,46728
-32,-280,1276,-23536,5155,-19419,46822
312,-184,1112,7087,23622,-11982,46915
224,-100,836,5340,-29664,95,47009
176,304,948,-13297,21608,25384,47103
28,-52,992,-17500,-26512,-14961,47290
200,28,872,19774,-5076,-27736,47384
188,-72,1068,86,-21526,-8049,47478
324,-264,1120,3678,-27036,25901,47571
244,0,1044,3765,-13383,12775,47665
-28,56,956,-3235,-14872,-11290,47759
-212,536,812,2797,11808,-2190,47853
224,220,792,11893,4114,17493,47946
360,-56,1356,-17414,-31149,-30272,48134
100,-240,1284,-31060,6735,-10851,48228
524,-24,764,-20561,-2622,-20740,48321
172,436,664,-445,-13379,-14267,48415
24,52,1136,-17153,22050,-10420,48509
-192,-404,1136,-5511,-32734,15926,48602
264,-72,956,-29744,-437,-6476,48695
436,-368,840,18460,31154,-20291,48789
1016,16,720,-30824,5195,432,48883
-364,-1332,1224,-31935,25651,-4890,48976
-628,-396,1248,-22126,-13210,7347,49070
-364,-200,1084,2730,9274,-15228,49164
-144,52,876,15320,-519,-2885,49257
-388,240,568,20474,-9536,4111,49351
-360,364,748,31054,6474,-22661,49445
-668,-200,836,-4728,13554,-27042,49539
-204,-380,1052,2539,5765,0,49632
-88,-472,1120,-1130,-21356,-12512,49726
16,-92,896,26609,11193,-13032,49820
224,648,1032,-8658,-14175,-11107,49913
-200,292,1044,-13039,2358,-24500,50006
-64,64,956,-28879,-4554,-9187,50100
88,-96,1064,-3767,13475,27647,50194
128,-544,1328,28881,-32546,-21267,50287
-136,-188,1196,12262,-6911,-14436,50380
-12,-36,1060,-13551,28440,-11374,50474
-12,148,728,-13469,27828,-27912,50568
-428,776,852,14087,22741,13208,50661
-208,400,560,79,32445,-27653,50754
460,460,752,-13137,-23715,1139,50848
152,-304,1124,20564,15744,-2540,50942
484,-256,1308,-11546,19861,-15754,51035
-56,104,980,4990,-26432,-6217,51128
212,236,600,-24684,17144,-30971,51222
548,320,712,29302,-21954,12511,51316
252,-184,1012,-11029,27126,19951,51409
20,-80,1080,26946,4199,-10064,51502
316,-112,1160,12686,-7874,15137,51596
452,-304,1200,9453,31679,22050,51689
140,-116,1120,-5423,-961,-28874,51782
104,16,980,28525,9100,-23624,51876
4,236,904,436,-9626,-25815,51970
136,284,784,-16714,25197,26951,52063
16,52,1048,-19337,-786,2546,52156
80,-316,1264,-18457,-2532,12432,52250
-24,-104,960,-24582,-3671,-6119,52343
24,136,636,10068,-11025,-957,52436
176,800,832,8224,-4465,-16173,52529
304,16,1116,-17590,9276,32209,52623
-212,-80,1160,24055,21265,-10141,52716
60,-16,1072,4376,-28961,-14604,52809
-16,-76,1076,31064,27999,26603,52903
160,-4,1044,3679,-20914,9714,52997
156,144,952,-16535,-3675,31240,53090
-248,748,812,29574,19865,-12426,53277
112,228,1048,-8839,29219,-24239,53370
20,-152,992,17932,25995,-29922,53463
-200,-312,1316,-28004,-14001,28614,53556
80,-472,1404,-10236,-28360,-22572,53650
396,-140,984,14268,25980,-8051,53743
256,-20,620,17243,10055,17758,53836
272,592,748,-2889,25021,26167,53930
392,504,848,-22318,-30275,28443,54023
316,-364,1264,25462,-30446,-6918,54116
348,-292,1164,-5944,-26600,-15229,54209
340,-76,1020,29314,28526,28955,54303
68,104,1036,-9539,28001,-537,54396
44,120,1040,-9365,10755,-21801,54489
204,44,860,3240,-13215,9177,54582
136,368,820,-12862,-20567,27116,54676
152,176,924,5333,22308,25363,54769
308,136,1080,-16979,15830,23348,54862
332,28,1048,8397,4371,-6663,54955
412,240,896,-26253,5423,518,55049
328,144,884,5247,-19425,6208,55142
224,212,976,16446,15399,-12342,55235
320,124,972,11722,-30450,-7617,55329
292,184,964,-11465,22137,11718,55422
224,152,992,7435,-5689,-28704,55515
340,140,980,-18289,15574,-15578,55608
284,124,980,14961,11811,7346,55702
272,116,984,30711,-21264,7608,55795
260,140,968,27474,-27651,20383,55888
336,188,948,7874,10674,11547,55981
316,152,944,-24414,3587,-9276,56075
284,120,972,-9276,-9537,-7089,56168
292,80,992,20824,19336,-14439,56261
308,108,1004,17149,3236,-18551,56354
332,104,832,-4200,26161,24411,56448
328,116,992,-16362,-3150,-25812,56541
308,112,992,-22837,-23187,-22312,56727
324,104,976,2450,-22225,-23450,56821
312,116,964,9362,-17412,-18550,56914
336,132,964,-5775,-6300,4550,57007
320,120,952,-14612,-6212,2975,57100
300,116,964,-30537,-22925,3150,57193
324,108,964,-20562,-5775,-8137,57286
304,104,984,6212,-26775,5512,57379
360,116,964,5075,11200,-4812,57472
300,112,960,-2187,-25287,-8925,57565
324,104,960,-7350,-23625,-27912,57659
316,112,980,-12512,32636,-21525,57753
352,112,952,-4812,-10237,-25375,57847
324,104,976,8050,-20387,-21787,57941
320,112,980,-262,-27562,-10675,58035
352,100,964,-4900,-1925,-28962,58129
304,120,964,5075,-26950,525,58223
332,120,952,1837,-7087,-18987,58317
312,124,956,-2187,-13300,-9362,58411
328,116,972,-3237,-14437,-9712,58600
332,108,960,2275,-22662,-9800,58694
328,128,968,-5687,-19862,-3762,58788
332,128,960,-6125,-15312,-9362,58882
340,120,964,-7525,-12600,-4812,58976
336,120,960,-14350,-15750,1925,59070
348,112,968,-7087,-7525,-14437,59164
324,128,956,-1487,-29750,4200,59258
348,124,956,-11375,3850,-4112,59352
328,104,984,-6825,-5775,3150,59446
320,116,960,-2800,-4987,-10062,59540
352,124,976,787,-22137,-13650,59634
332,124,960,6825,-11287,962,59728
332,124,960,-2800,-4550,12512,59822
332,116,956,-14175,-2187,-1137,59916
308,132,952,-14962,-15575,-6125,60010
356,120,968,-11637,-12600,-13212,60104
328,128,968,-13650,-9800,-12687,60198
356,116,968,-7525,1137,-2362,60292
308,108,960,-7175,10237,-6650,60386
324,124,948,4375,-14262,-1050,60480
316,120,968,-12512,4637,-17587,60574
328,116,952,-9100,-19075,-32461,60668
328,116,964,-21000,23100,-16886,60762
308,112,980,-13825,29224,9451,60856
304,84,968,8575,-13299,31064,60950
320,84,992,-15662,-6297,-29310,61044
260,80,996,20825,22578,13829,61137
256,68,996,-31061,26167,31856,61231
112,64,1032,5601,-23094,-25626,61325
112,60,1012,21353,-19685,-16609,61419
208,80,1016,22403,-6733,17169,61513
108,84,1016,-21172,-26943,8858,61607
-44,60,1040,-27210,9893,-20718,61701
-88,56,1032,-16274,23012,-4006,61794
156,24,1040,13211,18636,-22379,61888
308,92,1000,-29926,17854,9459,61982
-48,-12,984,-14087,10415,182,62076
-108,32,1040,24587,-10236,-28957,62170
12,0,1072,-22047,-9540,23718,62264
88,60,1060,-7175,-6825,20215,62358
108,52,988,6651,2276,-4454,62451
64,28,904,-14169,-869,22321,62545
-300,204,968,17764,18289,13482,62639
-368,276,1052,6387,-792,-13647,62733
-160,148,1120,-2274,-15581,-3055,62827
0,44,1024,-21958,-9976,18993,62921
-36,436,744,7436,-1753,29928,63015
-88,620,904,13555,5685,21699,63109
92,-104,1044,3237,-17508,-31757,63203
416,-88,788,12515,13649,2196,63297
628,-56,1112,28700,-23618,-3138,63391
204,-20,1200,21000,-24405,-28952,63484
40,68,984,5162,-13649,-11455,63578
116,-144,520,15231,-6387,-12330,63672
120,648,740,-20917,23801,-19416,63766
-28,-92,1208,-31150,3326,-3582,63954
-16,-36,1052,23187,-28783,-22216,64048
-120,112,1060,-25814,24500,-28079,64141
-108,-152,1132,-16360,9972,-2008,64235
24,100,1008,-12860,27821,-32110,64329
184,76,804,-4025,-14961,-16887,64423
-208,372,840,-19340,18369,6468,64516
152,-24,852,5949,-1053,-9629,64610
136,12,1044,19772,19072,-26511,64704
104,-120,1280,12160,-23189,-6650,64798
56,-328,1380,19865,-9979,12601,64891
308,-84,1028,-9711,-26861,-23711,64985
156,132,612,-19253,701,22403,65079
160,152,528,-31590,31414,9803,65172
12,60,1072,21783,1137,22051,65266
-32,-404,1252,13651,-21004,20126,65360
236,-256,1340,-7085,31499,30012,65454
356,-264,1332,21268,27742,-24851,65547
8,-132,1064,2718,-21174,24499,65641
76,140,808,20650,4989,11372,65735
108,404,592,-7526,29928,-12081,65828
-300,492,912,13032,-26082,-31589,65921
76,-100,1192,-5865,20994,5864,66015
268,-448,1312,28446,23017,-6737,66203
60,-76,752,6218,-4636,-23974,66296
28,272,500,-25470,23187,8843,66390
188,440,640,9271,-4285,-18891,66484
48,172,1072,-21353,-261,26867,66578
-148,-284,1072,5074,-11901,25026,66671
172,-248,1260,10324,16712,-7524,66765
-4,-220,1168,-23182,16276,25725,66859
68,80,892,-25630,-25897,16103,66953
-172,260,764,-6999,19345,19426,67046
-300,304,828,7087,-5512,2797,67140
-192,-72,1180,25894,-26081,-18464,67234
236,-264,1304,13387,-20656,-14785,67328
84,-396,1172,-18107,8224,-23097,67421
124,-24,888,11731,19250,-25107,67514
-48,196,676,13478,-1399,-9796,67608
168,748,528,-10245,10675,6398,67702
64,252,900,11365,5340,19610,67795
-248,-468,1200,21957,28964,-28435,67888
52,-388,1296,-6912,-21006,1401,67982
76,-388,1432,-9539,31058,1487,68076
152,-188,1032,27126,29658,20474,68169
40,-100,824,21526,-27300,27471,68262
-64,128,868,785,-11110,21952,68356
64,-160,1056,-29487,20122,18282,68450
132,-184,964,-23536,2275,-1312,68543
140,-180,1068,28962,32550,15664,68636
100,-260,1176,-26162,1142,3242,68730
20,-244,1120,-260,-6301,20393,68824
72,-156,964,-14522,-176,-30530,68917
144,-72,824,1404,15575,-25543,69010
176,92,968,-2271,32028,-11802,69104
-148,-52,1004,30275,-23803,-16971,69291
72,96,928,-28528,-4726,-20647,69384
200,-204,1168,32460,-31235,-24318,69477
24,-80,1160,-5861,-15658,8054,69571
-124,-104,972,3853,17414,23628,69664
-244,376,988,-24501,24672,-7700,69757
28,-172,816,26425,30447,-9975,69850
-120,-156,924,-11636,-25904,1140,69944
148,-164,1252,-13562,3236,-26416,70038
24,-264,1200,-29833,-13474,26342,70131
124,-64,936,31854,-5686,5171,70224
152,-32,652,9806,12079,31159,70318
48,496,936,-20387,30626,-7771,70412
-64,-108,1284,-3503,27479,3688,70505
-384,-56,1076,17935,17497,6920,70598
-96,-8,888,11551,4719,21617,70692
80,224,1068,-24239,-13039,-8919,70786
112,-76,1064,21350,20912,-24235,70879
20,-16,976,703,-18201,10064,70972
200,188,852,-24936,-32636,-1136,71066
-48,200,932,13735,-27298,7255,71160
-420,188,1160,-13037,14955,-6917,71253
176,120,972,13911,27212,8308,71346
128,28,796,21522,-25199,-1222,71440
72,16,1092,32108,14525,3065,71534
-64,-276,1296,-27472,-21090,17589,71627
152,-108,1164,-22835,18460,-4719,71720
272,52,1028,14701,-22308,-23971,71813
80,132,876,6999,-12685,29668,71907
76,264,828,-11201,3939,18295,72000
20,48,1032,17935,9451,-16880,72093
-248,-180,1004,28612,15310,-23883,72186
-76,-36,964,9974,-23278,-29657,72280
84,-104,1108,-9275,-1137,182,72374
104,-232,1136,-7696,5690,24156,72467
52,-104,1100,10765,13829,17326,72560
-152,164,1040,-23975,-21525,4371,72653
-276,200,1004,-25550,11196,-20392,72747
-60,72,988,28175,-20826,29307,72841
52,68,856,-20738,22571,25461,72934
-28,80,1216,-7004,10408,26337,73027
168,12,1032,-26078,25022,3936,73120
40,64,720,28697,7435,8492,73214
328,-212,584,-15140,-5160,7703,73307
160,80,872,-12510,-18111,-25815,73400
132,-392,1796,-15050,-6653,20651,73493
272,-188,1500,2539,18553,-7093,73586
-12,-308,1140,704,-24761,17933,73680
-32,-136,992,12167,29222,-965,73773
124,-164,980,-2883,1486,8221,73866
104,164,756,28087,4639,-26693,73959
-44,24,692,5860,18112,11191,74052
8,156,964,-30367,6211,-18910,74145
264,-236,1120,-24065,-11196,6026,74238
-216,-196,1180,20208,10678,-10685,74331
12,-64,1076,14175,-22143,-21445,74518
132,8,916,-26597,-442,14082,74611
-28,40,948,25025,-18551,-26431,74704
116,-28,1040,-15662,26247,25196,74797
216,-28,1056,2975,-5599,20036,74890
32,-72,1060,26250,-13997,-9187,74983
-16,-36,1036,-15486,14962,9886,75076
-8,8,984,-31324,15485,5686,75169
108,40,1004,-27912,32722,-7089,75264
136,-8,1004,15049,-21700,31762,75359
92,-24,1028,-19950,-8924,-14611,75453
56,-36,1012,-16711,-24149,19514,75641
32,-24,1028,-26424,-6650,7615,75735
84,4,1012,-8750,30274,-21522,75829
48,-12,1028,13911,-31850,-24233,75923
112,-24,1032,4461,28524,24503,76017


Stopped

