Here log for real horse accelerometer data. Accelerometer located on halter on the horse head,
between ears. Here 3 sets - 10 steps, 10 steps and more than 20 steps.
z - vertical axis, x - from left to right side of the horse, y - from head to tale. 
ax,ay,az - accelerometer data, gx,gy,gz - gyroscope data. ts - timestamp in milliseconds real gyroscope data multiplyed by 10 000
frequency - 10 Hz

----------------------------------------------------------------------------

Enter command>I am alive! enter command>

Starting measure, name: alaska10


ax;ay;az;gx;gy;gz;ts


Batt voltage: 3.97031259540,0,0,0,0,0,0

0,0,0,0,0,0,0

0,0,0,0,0,0,0

0,0,0,0,0,0,0

0,0,0,0,0,0,0

0,0,0,0,0,0,0

0,0,0,0,0,0,0

0,0,0,0,0,0,0

0,0,0,0,0,0,0

0,0,0,0,0,0,0

0,0,0,0,0,0,0

0,0,0,0,0,0,0

0,0,0,0,0,0,0

0,0,0,0,0,0,0

0,0,0,0,0,0,0

0,0,0,0,0,0,0

0,0,0,0,0,0,0

0,0,0,0,0,0,0

0,0,0,0,0,0,0

0,0,0,0,0,0,0

0,0,0,0,0,0,0

0,0,0,0,0,0,0

0,0,0,0,0,0,0

0,0,0,0,0,0,0

0,0,0,0,0,0,0

0,0,0,0,0,0,0

0,0,0,0,0,0,0

0,0,0,0,0,0,0

0,0,0,0,0,0,0

0,0,0,0,0,0,0

0,0,0,0,0,0,0

0,0,0,0,0,0,0

0,0,0,0,0,0,0

0,0,0,0,0,0,0

0,0,0,0,0,0,0

0,0,0,0,0,0,0

0,0,0,0,0,0,0

0,0,0,0,0,0,0

0,0,0,0,0,0,0

0,0,0,0,0,0,0

0,0,0,0,0,0,0

0,0,0,0,0,0,0

0,0,0,0,0,0,0

0,0,0,0,0,0,0

0,0,0,0,0,0,0

0,0,0,0,0,0,0

0,0,0,0,0,0,0

0,0,0,0,0,0,0

0,0,0,0,0,0,0

0,0,0,0,0,0,0

0,0,0,0,0,0,0

0,0,0,0,0,0,0

0,0,0,0,0,0,0

0,0,0,0,0,0,0

0,0,0,0,0,0,0

0,0,0,0,0,0,0

0,0,0,0,0,0,0

0,0,0,0,0,0,0

0,0,0,0,0,0,0

0,0,0,0,0,0,0

0,0,0,0,0,0,0

0,0,0,0,0,0,0

0,0,0,0,0,0,0

0,0,0,0,0,0,0

0,0,0,0,0,0,0

0,0,0,0,0,0,0

0,0,0,0,0,0,0

0,0,0,0,0,0,0

0,0,0,0,0,0,0

0,0,0,0,0,0,0

0,0,0,0,0,0,0

0,0,0,0,0,0,0

0,0,0,0,0,0,0

0,0,0,0,0,0,0

0,0,0,0,0,0,0

0,0,0,0,0,0,0

0,0,0,0,0,0,0

0,0,0,0,0,0,0

0,0,0,0,0,0,0

0,0,0,0,0,0,0

0,0,0,0,0,0,0

0,0,0,0,0,0,0

0,0,0,0,0,0,0

0,0,0,0,0,0,0

0,0,0,0,0,0,0

0,0,0,0,0,0,0

0,0,0,0,0,0,0

0,0,0,0,0,0,0

0,0,0,0,0,0,0

0,0,0,0,0,0,0

0,0,0,0,0,0,0

0,0,0,0,0,0,0

0,0,0,0,0,0,0

0,0,0,0,0,0,0

0,0,0,0,0,0,0

0,0,0,0,0,0,0

0,0,0,0,0,0,0

0,0,0,0,0,0,0

0,0,0,0,0,0,0

100,0,0,0,1,0,0

-484,-180,916,-11111,22050,21171,139

-500,-224,904,-24411,4812,-9276,232

-440,-224,884,-29574,6562,-4375,325

-512,-200,900,14700,-10325,23450,419

-532,-216,900,-11025,2450,31150,512

-552,-216,900,-7000,-2537,27387,605

-552,-200,880,-11287,-18550,21350,699

-516,-228,864,-32637,-9012,21525,793

-544,-212,852,-8050,-20650,25112,886

-512,-224,884,-5512,8311,-17411,979

-536,-232,936,-10587,-14701,-4197,1073

-516,-128,928,-12514,4546,-516,1166

-476,-80,972,5243,-1493,15240,1259

-432,-36,976,-1240,-8143,1766,1352

-508,-256,796,-12357,20208,28449,1446

-540,-476,868,-29407,-1665,15321,1632

-460,-456,912,14349,-15054,-24405,1726

-452,-276,788,-13126,31407,-17058,1820

-456,-552,860,6733,-11992,10770,1913

-472,-416,980,-8579,-12778,-27288,2006

-384,-504,684,-13217,-29224,17948,2100

-384,-552,436,-17593,-19778,1143,2193

-248,-1148,484,-17147,-5867,4655,2286

-400,-88,844,-25199,-22235,1146,2380

-184,-304,1140,-19685,-3065,22401,2474

-460,120,1376,2272,-16360,-175,2567

-692,-328,996,-28787,12949,29051,2660

-316,-120,872,-28087,31058,-20914,2754

-192,-316,808,6826,30272,-24328,2847

68,-616,868,-31666,11554,-18728,2940

-504,-24,840,-1225,4379,-26763,3034

-676,-272,892,-6301,19244,16284,3127

-452,-88,1208,-3939,-24329,21092,3220

-516,148,1112,-18032,11640,2715,3313

-372,-252,736,23271,7789,5951,3407

-420,-252,588,-20039,-12514,17767,3500

-324,-340,712,-27474,10499,-15658,3593

-620,-176,848,525,11546,-26502,3687

-348,-28,1224,-9625,-1054,-344,3781

-400,140,1388,-28264,19861,22143,3874

-472,156,1148,23880,24849,-1135,3967

-504,-220,788,30708,7522,-3058,4061

-416,-180,676,18460,1654,30803,4154

-52,-492,760,11203,-5340,13829,4247

-180,-164,900,-32021,-31939,-4021,4340

-456,4,1060,-9099,12947,10767,4434

-204,-88,1224,-30361,-4986,-21699,4527

-260,488,1320,23704,28620,-21525,4620

-580,-128,808,-18904,18112,19775,4713

-464,-292,780,12950,32199,-27558,4807

-308,-464,656,25376,-23099,-5419,4900

-340,-176,792,-9885,-16276,11643,4993

-368,268,1216,10586,-12686,-12858,5087

-604,116,1204,18110,5336,-30186,5180

-456,284,1344,24844,6650,28962,5273

-456,-108,880,9798,23974,-8312,5366

-296,-156,680,21611,-30365,27472,5460

-200,-720,656,6746,-22840,19419,5553

-148,-40,1040,-20210,-17230,12243,5646

-744,0,988,-9536,-29051,-2803,5739

-504,-128,968,24065,-15403,20208,5832

-292,140,1344,-9101,-13469,22307,5925

-612,136,1008,-1579,21176,-3070,6018

-312,-160,788,-9190,5253,-1929,6112

-324,-336,612,-9969,-4724,32200,6205

-220,-392,584,13651,7439,-21871,6298

-436,-68,944,-16193,-8836,-25541,6391


Stopped
Enter command>

Starting measure, name: alaska101


ax;ay;az;gx;gy;gz;ts


Batt voltage: 3.97031259540,0,0,0,0,0,0

0,0,0,0,0,0,0

0,0,0,0,0,0,0

0,0,0,0,0,0,0

0,0,0,0,0,0,0

0,0,0,0,0,0,0

0,0,0,0,0,0,0

0,0,0,0,0,0,0

0,0,0,0,0,0,0

0,0,0,0,0,0,0

0,0,0,0,0,0,0

0,0,0,0,0,0,0

0,0,0,0,0,0,0

0,0,0,0,0,0,0

0,0,0,0,0,0,0

0,0,0,0,0,0,0

0,0,0,0,0,0,0

0,0,0,0,0,0,0

0,0,0,0,0,0,0

0,0,0,0,0,0,0

0,0,0,0,0,0,0

0,0,0,0,0,0,0

0,0,0,0,0,0,0

0,0,0,0,0,0,0

0,0,0,0,0,0,0

0,0,0,0,0,0,0

0,0,0,0,0,0,0

0,0,0,0,0,0,0

0,0,0,0,0,0,0

0,0,0,0,0,0,0

0,0,0,0,0,0,0

0,0,0,0,0,0,0

0,0,0,0,0,0,0

0,0,0,0,0,0,0

0,0,0,0,0,0,0

0,0,0,0,0,0,0

0,0,0,0,0,0,0

0,0,0,0,0,0,0

0,0,0,0,0,0,0

0,0,0,0,0,0,0

0,0,0,0,0,0,0

0,0,0,0,0,0,0

0,0,0,0,0,0,0

0,0,0,0,0,0,0

0,0,0,0,0,0,0

0,0,0,0,0,0,0

0,0,0,0,0,0,0

0,0,0,0,0,0,0

0,0,0,0,0,0,0

0,0,0,0,0,0,0

0,0,0,0,0,0,0

0,0,0,0,0,0,0

0,0,0,0,0,0,0

0,0,0,0,0,0,0

0,0,0,0,0,0,0

0,0,0,0,0,0,0

0,0,0,0,0,0,0

0,0,0,0,0,0,0

0,0,0,0,0,0,0

0,0,0,0,0,0,0

0,0,0,0,0,0,0

0,0,0,0,0,0,0

0,0,0,0,0,0,0

0,0,0,0,0,0,0

0,0,0,0,0,0,0

0,0,0,0,0,0,0

0,0,0,0,0,0,0

0,0,0,0,0,0,0

0,0,0,0,0,0,0

0,0,0,0,0,0,0

0,0,0,0,0,0,0

0,0,0,0,0,0,0

0,0,0,0,0,0,0

0,0,0,0,0,0,0

0,0,0,0,0,0,0

0,0,0,0,0,0,0

0,0,0,0,0,0,0

0,0,0,0,0,0,0

0,0,0,0,0,0,0

0,0,0,0,0,0,0

0,0,0,0,0,0,0

0,0,0,0,0,0,0

0,0,0,0,0,0,0

0,0,0,0,0,0,0

0,0,0,0,0,0,0

0,0,0,0,0,0,0

0,0,0,0,0,0,0

0,0,0,0,0,0,0

0,0,0,0,0,0,0

0,0,0,0,0,0,0

0,0,0,0,0,0,0

0,0,0,0,0,0,0

0,0,0,0,0,0,0

0,0,0,0,0,0,0

0,0,0,0,0,0,0

0,0,0,0,0,0,0

0,0,0,0,0,0,0

0,0,0,0,0,0,0

0,0,0,0,0,0,0

100,0,0,0,1,0,0

-384,-284,884,12864,-14699,-2364,181

-360,-228,900,25814,10939,-32725,275

-508,-192,940,-10411,8315,-18376,369

-596,-264,848,25811,2542,-25992,462

-604,-340,812,-9887,-11286,-25468,556

-512,-364,780,-7872,-24589,13994,650

-464,-200,880,2278,-3585,-9106,743

-520,-400,852,-16362,-27380,-10506,837

-612,-416,800,-13037,21965,-9367,931

-516,-236,712,-264,12689,-32642,1024

-508,-592,816,-5078,14261,-30014,1118

-416,-660,836,20649,30008,-9714,1212

-396,-464,696,-14006,23012,12864,1305

-564,-1012,552,5154,-19603,-8830,1399

-316,-736,376,-6212,14427,-4885,1493

-280,-116,1072,24332,31935,20215,1680

-728,-112,1296,-21083,-18110,-15746,1774

-584,-52,1192,-13999,-31765,-4376,1867

-460,-352,968,-4025,-32289,-29840,1961

-48,-716,804,-1486,-13650,-16190,2055

-372,-380,676,-21169,4028,32105,2148

-248,-320,712,-17671,12167,24761,2242

-796,-108,1056,14701,-9450,-15480,2336

-628,212,1284,5069,-7789,-26861,2429

-356,-184,880,-11731,-20300,-23012,2523

-360,-324,652,29136,-20035,28525,2617

-448,-676,644,20647,8139,-14865,2710

-608,-196,1036,6565,-15315,24420,2804

-368,-168,884,18207,-15842,3935,2898

-468,124,864,26428,-10500,22049,2991

-588,136,1136,-11812,-16625,-2015,3084

-604,224,1196,1919,18549,-16892,3178

-320,-200,1068,6910,28439,-16190,3272

-408,-300,876,-27124,-31847,6644,3365

-300,-392,636,-2882,17242,17668,3459

-256,-384,652,15057,-2449,-11812,3553

-516,-244,808,12696,3851,5517,3646

-664,200,1128,-12421,11462,18989,3740

-716,316,1208,-7092,32721,-5950,3834

-448,48,980,-5782,12074,22749,3927

-552,-240,816,-21704,-25901,6997,4021

-364,-704,620,-28957,22837,-8747,4115

-360,-116,628,24065,-26862,32032,4208

-512,128,1008,25113,10674,-11900,4302

-700,228,1312,9536,30886,-2804,4396

-676,340,1400,2096,26858,-30889,4489

-420,64,1056,31757,29660,-10849,4583

-320,-156,908,8836,26687,-9012,4677

-272,-268,872,17150,28787,4369,4770

-112,-412,856,-17669,-10582,3322,4863

-520,-352,672,20215,32551,14265,4957

-524,96,1052,-15229,-11637,1929,5050

-640,296,1236,-18821,1926,23446,5143

-556,-152,964,-29667,9012,1660,5237

-460,-280,864,-10761,-13037,-14000,5330

-512,-544,636,8490,7612,17681,5423

-376,-464,488,11731,-30889,11468,5517

-300,-84,608,32024,-27828,4032,5611

-632,232,1236,-23278,-16454,19250,5704

-728,224,1468,7083,24755,4111,5798

-368,28,1200,-29842,23186,-8924,5892

-308,-136,968,29483,-17150,-21087,5985

-272,-588,736,-874,-10939,-14346,6079

-264,-132,664,18022,521,-9886,6173

-224,-420,684,-20997,28786,-21168,6266

-268,-232,940,-3586,21178,-524,6359

-328,356,1392,-875,-31932,-12424,6453

-476,32,1052,-24151,14792,-15051,6546

-452,-184,800,28000,-14611,-4810,6733

-368,-504,628,32636,17762,13740,6827

-484,8,708,26774,12422,-19682,6920

-724,36,1144,6301,-8495,175,7013

-584,184,1508,3144,-13653,350,7107

-436,136,1112,16533,-28001,-7525,7200

-412,-264,896,-7001,7785,11897,7293

-200,-336,808,-12424,12947,-5953,7387

-116,-160,856,-7872,-8397,-11721,7480

-284,-156,764,-9710,22400,-4716,7573

-224,296,1432,-9449,32455,2804,7667

-384,212,1116,-14792,-31757,32637,7761

-432,-24,924,-442,-25108,10499,7854

-620,-312,772,-9017,-15922,-22833,7948

-424,-20,736,-13392,-14704,19782,8042

-320,-108,684,28351,21340,27049,8135

-36,4,1108,-18719,-28270,21270,8228

-368,276,1520,31673,-22572,-22566,8322

-424,124,1400,2707,-19775,32462,8415

-380,-88,1140,12769,-31061,9017,8508

-392,-160,844,10150,5249,-9537,8602

-68,-176,812,-24847,16969,-20821,8695

-320,-248,880,-3070,-24318,16624,8788

-600,-160,904,-6568,19601,-8480,8882

-300,52,1076,-10504,5333,-11894,8975

-332,-84,968,-14876,-20471,29142,9069

-388,40,924,-15400,-28434,-29924,9162

-508,-108,752,27207,-19597,30892,9255

-592,-636,676,-14704,-18815,16023,9348

100,0,0,0,1,0,0

-636,-44,1020,21961,29396,-5249,9628

-388,-48,1072,10583,-28003,-10065,9722

-324,-200,1000,-18639,-12862,30971,9815

-172,-88,852,-15051,-2449,22833,9908

-244,-544,856,-32199,21267,11990,10002

-540,-12,1028,-1311,17762,-25108,10095

-416,-96,1048,-21526,-32022,5253,10188

-528,-352,832,21176,-24675,13653,10282

-444,20,1060,-25553,19074,21264,10375

-604,-196,1064,-13479,-22924,-6380,10468

-540,-188,888,29133,5510,-18550,10562

-332,-312,860,-25990,16011,31586,10655

-428,-312,772,20472,25286,22049,10748

-424,-364,780,-15576,29922,-5337,10842

-404,-336,888,24937,-21964,2975,10935

-368,-240,940,-5950,10500,-28962,11028

-472,-300,916,-26249,-526,-15574,11122

-388,-264,952,-31586,27474,17675,11215

-436,-304,888,16625,31849,-6475,11308

-408,-264,912,14175,-26600,2100,11402

-424,-260,948,15837,4550,27036,11495

-436,-248,916,29750,-11025,-22487,11588

-404,-260,920,30537,-17237,-15050,11681

-408,-244,924,15137,262,25024,11867

-416,-256,932,20037,-26425,-26950,11960

-412,-240,936,7262,-25462,2100,12053

-392,-272,924,13825,-9537,-26687,12146

-396,-256,924,23450,-9362,24849,12239

-416,-252,948,5775,-12250,23099,12333

-416,-268,940,16275,-22925,22049,12427

-400,-248,940,9625,-16012,-27387,12521

-404,-264,932,28437,-6737,-27212,12615

-392,-252,944,-20561,-87,-17762,12709

-400,-228,928,-19161,-19862,-12862,12803

-404,-236,936,-6736,31061,29661,12897

-384,-220,940,1489,-28437,-16101,12991

-360,-224,948,29751,28175,-28176,13085

-396,-196,956,9539,-5249,-6739,13179

-432,-188,952,-20649,-2450,1311,13273

-416,-196,968,22400,-4025,-15664,13367

-396,-172,960,14612,-5162,12074,13461

-400,-196,956,28262,-13912,11462,13555

-392,-180,944,22312,-14175,-11464,13649

-396,-184,964,23187,-6212,23536,13743

-384,-180,964,16450,1925,28524,13837

-400,-180,968,25025,875,-30975,13931

-388,-188,976,14962,8050,30711,14025

-400,-192,956,-262,14787,-25550,14119

-412,-188,948,2975,2975,-22750,14213

-408,-192,960,-3587,3762,-27037,14307

-404,-176,956,-3850,14175,-7700,14401

-412,-200,948,10762,7787,-29925,14495

-412,-188,944,14350,4200,-25287,14589

-424,-176,948,4900,-9012,-16887,14683

-420,-180,960,2887,-9800,-12424,14777

-416,-168,948,6212,-3150,-4725,14871

-416,-164,964,-8312,-11900,-14262,14965

-416,-192,940,-3237,-7262,4112,15059

-436,-152,956,-3937,-6212,-8575,15153

-428,-180,940,-10762,-16362,-15750,15247

-432,-172,952,-9975,-23187,-21612,15341

-412,-184,936,-7437,-19162,-25375,15435

-432,-188,952,-262,-12424,-8575,15529

-428,-172,944,1575,-6300,-6125,15623

-436,-196,948,9537,-21087,-8487,15717

-408,-176,952,-7262,-24762,-18725,15811

-408,-160,964,-24849,12950,-22225,15905

-436,-188,944,-18637,12862,-27300,15999

-428,-184,944,-20912,-28175,-14437,16093

-408,-200,956,-13650,-32637,-18375,16187

-412,-172,944,-11112,-20300,-30187,16281

-408,-188,956,-12687,-5162,-25287,16375

-416,-208,944,1837,-6475,-6475,16468

-416,-204,928,4375,-17762,-17675,16562

-420,-192,948,-2362,-11637,-14525,16750

-412,-184,960,-3587,-8487,-14962,16844

-424,-184,956,-13212,-1837,-4375,16938

-428,-196,940,-25462,-700,15400,17032

-428,-200,940,-32200,1837,-6737,17126

-424,-196,928,30449,-1575,-12075,17220

-448,-224,928,-21175,-17850,-6912,17314

-412,-204,928,175,-9800,-7262,17408

-440,-204,948,-13387,-9625,-7875,17502

-436,-208,936,-6475,-18025,-7262,17596

-428,-212,932,-14612,-16800,-8837,17690

-420,-224,932,-350,700,-612,17784

-436,-212,932,-787,-11462,-3850,17878

-436,-204,936,-2537,-17675,-2100,17972

-428,-204,944,-6387,-10675,-7612,18066

-428,-204,940,-6212,-6562,-10062,18160

-436,-212,936,-3587,-5337,-6825,18254

-436,-220,932,8575,-3325,9187,18348

-436,-204,936,-350,-13125,-1575,18442

-444,-208,936,-4462,-12862,-6912,18536

-428,-196,944,-3850,-8837,-13037,18630

-432,-224,932,3500,-16887,-9012,18724

-440,-212,940,-87,-15750,-13387,18818

100,0,0,0,1,0,0

-436,-208,932,-7175,-23362,-17150,19099

-420,-212,940,-2975,-14962,-12950,19193

-432,-204,940,-5075,-15575,-17237,19286

-416,-204,944,-2100,-9187,-12950,19380

-436,-212,932,8400,-19075,-10237,19474

-428,-204,940,3237,-14350,-12512,19567

-432,-204,936,-3325,-15225,-14262,19661

-436,-200,928,-6825,-17675,-10500,19755

-424,-212,940,-2800,-10500,-13825,19849

-432,-204,952,-2887,-7350,-8487,19942

-436,-212,932,-2362,-15137,-10150,20036

-428,-220,932,2275,-11637,-13650,20130

-420,-204,940,-9975,-11900,-17412,20223

-440,-204,940,-875,-24412,-17237,20317

-428,-208,936,-5687,-17150,-14000,20411

-416,-212,936,2537,-8662,-9362,20504

-428,-212,940,1662,-4200,87,20598

-444,-212,928,6562,-26687,-5425,20692

-428,-208,944,-6387,-13300,-7700,20786

-436,-212,944,-10062,-8137,-18550,20879

-428,-200,936,16361,-28612,29925,20973

-424,-220,924,27386,-12075,15051,21067

-436,-216,920,27211,-26600,-10236,21160

-448,-220,928,12511,12336,3939,21254

-444,-216,936,28086,-9801,-4549,21348

-404,-212,952,31936,20124,23975,21441

-404,-192,964,22836,-23275,21175,21534


Stopped
Enter command>

Starting measure, name: alaska20


ax;ay;az;gx;gy;gz;ts


Batt voltage: 3.96386718750,0,0,0,0,0,0

0,0,0,0,0,0,0

0,0,0,0,0,0,0

0,0,0,0,0,0,0

0,0,0,0,0,0,0

0,0,0,0,0,0,0

0,0,0,0,0,0,0

0,0,0,0,0,0,0

0,0,0,0,0,0,0

0,0,0,0,0,0,0

0,0,0,0,0,0,0

0,0,0,0,0,0,0

0,0,0,0,0,0,0

0,0,0,0,0,0,0

0,0,0,0,0,0,0

0,0,0,0,0,0,0

0,0,0,0,0,0,0

0,0,0,0,0,0,0

0,0,0,0,0,0,0

0,0,0,0,0,0,0

0,0,0,0,0,0,0

0,0,0,0,0,0,0

0,0,0,0,0,0,0

0,0,0,0,0,0,0

0,0,0,0,0,0,0

0,0,0,0,0,0,0

0,0,0,0,0,0,0

0,0,0,0,0,0,0

0,0,0,0,0,0,0

0,0,0,0,0,0,0

0,0,0,0,0,0,0

0,0,0,0,0,0,0

0,0,0,0,0,0,0

0,0,0,0,0,0,0

0,0,0,0,0,0,0

0,0,0,0,0,0,0

0,0,0,0,0,0,0

0,0,0,0,0,0,0

0,0,0,0,0,0,0

0,0,0,0,0,0,0

0,0,0,0,0,0,0

0,0,0,0,0,0,0

0,0,0,0,0,0,0

0,0,0,0,0,0,0

0,0,0,0,0,0,0

0,0,0,0,0,0,0

0,0,0,0,0,0,0

0,0,0,0,0,0,0

0,0,0,0,0,0,0

0,0,0,0,0,0,0

0,0,0,0,0,0,0

0,0,0,0,0,0,0

0,0,0,0,0,0,0

0,0,0,0,0,0,0

0,0,0,0,0,0,0

0,0,0,0,0,0,0

0,0,0,0,0,0,0

0,0,0,0,0,0,0

0,0,0,0,0,0,0

0,0,0,0,0,0,0

0,0,0,0,0,0,0

0,0,0,0,0,0,0

0,0,0,0,0,0,0

0,0,0,0,0,0,0

0,0,0,0,0,0,0

0,0,0,0,0,0,0

0,0,0,0,0,0,0

0,0,0,0,0,0,0

0,0,0,0,0,0,0

0,0,0,0,0,0,0

0,0,0,0,0,0,0

0,0,0,0,0,0,0

0,0,0,0,0,0,0

0,0,0,0,0,0,0

0,0,0,0,0,0,0

0,0,0,0,0,0,0

0,0,0,0,0,0,0

0,0,0,0,0,0,0

0,0,0,0,0,0,0

0,0,0,0,0,0,0

0,0,0,0,0,0,0

0,0,0,0,0,0,0

0,0,0,0,0,0,0

0,0,0,0,0,0,0

0,0,0,0,0,0,0

0,0,0,0,0,0,0

0,0,0,0,0,0,0

0,0,0,0,0,0,0

0,0,0,0,0,0,0

0,0,0,0,0,0,0

0,0,0,0,0,0,0

0,0,0,0,0,0,0

0,0,0,0,0,0,0

0,0,0,0,0,0,0

0,0,0,0,0,0,0

0,0,0,0,0,0,0

0,0,0,0,0,0,0

0,0,0,0,0,0,0

0,0,0,0,0,0,0

100,0,0,0,1,0,0

-400,-240,936,19422,-3937,21700,127

-452,-272,932,8047,4811,-9362,220

-392,-312,924,-7262,-14089,-26074,313

-396,-324,868,13037,-175,4461,407

-364,-224,916,-18724,8574,-19250,501

-380,-264,928,-10674,28087,-14525,594

-424,-308,916,21175,26162,-9450,688

-396,-244,956,4461,3676,-3062,782

-472,-276,944,-4114,-6561,-18726,875

-464,-304,936,5600,17850,11899,968

-512,-296,884,-22574,21960,-17414,1062

-336,-284,892,-14349,-23100,28086,1156

-396,-288,972,-27299,15925,16711,1249

-452,-240,940,-17586,15837,175,1343

-460,-288,872,17939,3936,6912,1437

-376,-284,888,-27650,-3850,-23974,1623

-440,-260,956,26249,525,-22487,1717

-480,-252,968,18024,-19425,-4114,1811

-524,-272,908,15399,13999,10062,1904

-344,-300,916,17587,-27037,3325,1998

-384,-316,904,3064,2275,20649,2092

-388,-236,940,-23974,28175,-21350,2185

-472,-272,872,-17499,19336,14612,2278

-436,-248,948,19337,19074,-23187,2372

-396,-256,920,9800,-1400,0,2465

-420,-264,924,-18637,-16800,28174,2558

-400,-240,988,27650,25111,-22137,2652

-460,-300,920,16886,21875,-19512,2746

-428,-256,916,-22137,-29312,-11200,2839

-416,-280,932,15837,-3587,-19949,2932

-408,-252,944,-3412,-21175,-22837,3026

-428,-284,904,23711,21700,16886,3119

-444,-268,896,24236,-7612,-7875,3212

-392,-240,972,-5776,-28175,-22662,3306

-420,-256,940,31761,3675,31850,3400

-460,-280,904,14961,7787,-29136,3493

-472,-300,908,15749,-13387,-5335,3586

-452,-316,876,11200,30974,12251,3680

-396,-248,860,28875,32374,-30097,3773

-400,-248,956,-23536,14086,2014,3866

-436,-292,924,8837,-5775,-11112,3960

-420,-232,936,-16712,-875,32636,4054

-480,-276,900,29661,6737,-30187,4147

-520,-284,904,2275,26425,4024,4240

-336,-272,876,18636,-18726,27649,4334

-348,-256,932,-18200,-3150,-27736,4427

-408,-292,912,10150,11112,-12599,4520

-440,-256,908,4637,-8225,-17935,4614

-488,-260,908,-2887,5774,-15572,4707

-428,-252,928,20911,8660,-22310,4800

-388,-256,932,3761,21874,-28085,4894

-416,-292,900,-21001,29049,11028,4987

-408,-252,924,-32464,-25113,32117,5080

-400,-264,916,-21701,17761,18290,5173

-384,-236,920,-9451,5249,-1483,5267

-376,-252,952,-23714,5599,-18633,5360

-368,-268,936,-9714,10761,-11721,5453

-388,-272,924,-18987,-25900,-19249,5547

-408,-280,916,-12950,5512,-18986,5641

-440,-260,908,-2187,3150,13387,5734

-428,-264,928,18462,19425,-17762,5827

-452,-256,924,21350,17675,-23712,5921

-460,-256,920,18987,-17675,28261,6014

-424,-260,924,25112,-14962,-15837,6107

-408,-276,928,22139,22487,4637,6201

-412,-236,928,26601,-19686,15225,6294

-436,-240,920,1926,25639,-24325,6387

-504,-192,916,24412,-12162,-25462,6480

-456,-200,920,-17762,-3590,-17675,6667

-404,-224,892,262,16449,-28351,6760

-380,-188,952,-32111,23275,-20389,6854

-456,-220,972,25986,23450,-27912,6947

-432,-264,948,25811,-22924,-21000,7040

-396,-244,932,22050,3676,25636,7133

-440,-224,900,8925,-24761,-15751,7226

-440,-228,892,-14875,-28874,-30712,7319

-504,-236,912,-15137,-19862,-9887,7412

-464,-264,896,-9362,-22312,-14612,7506

-440,-264,908,2537,-26336,14349,7599

-448,-240,916,16537,24062,14436,7692

-500,-224,912,17237,-27125,2012,7785

-428,-260,888,2800,-8400,19861,7878

-456,-244,936,6912,-25199,-29576,7971

-484,-264,876,-10324,11637,28785,8064

-480,-260,904,2451,-26600,-8139,8158

-456,-252,908,17589,-16712,31761,8251

-444,-248,936,9451,-15225,-15400,8344

-432,-232,904,-1749,23362,9011,8437

-480,-260,916,-16974,6300,-14526,8530

-460,-236,916,-22749,-30186,-31589,8623

-488,-220,912,-30974,12687,-21001,8716

-480,-200,920,87,962,-23103,8810

-476,-236,908,8662,-30711,-11114,8903

-484,-228,880,-31586,4025,-7089,8996

-500,-248,884,-7961,-12424,31411,9089

-460,-232,908,-13561,-25636,5161,9183

-472,-212,920,28700,23800,-19339,9277

100,0,0,0,1,0,0

-484,-208,912,-22136,5950,-12076,9560

-468,-208,928,-11199,29837,31935,9654

-504,-212,896,-32374,18812,-17414,9748

-488,-192,904,-32636,8312,10761,9842

-496,-220,916,16625,-1925,32286,9936

-496,-204,912,30887,-25112,30099,10030

-496,-188,908,24587,-10937,20649,10125

-488,-208,920,18812,-30712,30624,10219

-484,-204,924,9887,-13562,16099,10313

-472,-196,920,2712,-10062,-26337,10407

-488,-208,908,6300,12337,22486,10501

-492,-196,916,14087,-7000,-21612,10595

-484,-204,912,14087,-6037,-13212,10689

-492,-196,916,-437,-7437,-7700,10783

-492,-200,912,-350,-24062,15662,10877

-484,-200,920,4025,-6825,-11900,10971

-476,-196,916,3062,-11025,-9800,11065

-492,-192,916,262,-17850,-11025,11160

-480,-192,924,8312,-5075,-14087,11254

-504,-192,924,2537,-12424,-12775,11348

-492,-188,920,2537,-5600,-21525,11442

-488,-188,920,-7700,-15050,-16012,11536

-452,-184,892,-612,-10850,-3850,11630

-472,-192,924,-5775,9012,-19250,11818

-468,-196,908,1837,-10762,-22487,11912

-484,-188,920,2887,-26250,-18287,12006

-468,-192,924,8662,-87,6387,12100

-504,-200,912,-8487,-27825,-19162,12194

-484,-180,920,-11725,-18112,28174,12288

-472,-204,924,-27387,-32724,18637,12382

-476,-200,916,9537,2012,17150,12475

-504,-196,904,-3237,-25287,-13212,12569

-472,-196,892,30099,17062,15662,12663

-472,-228,940,-25637,15311,-23537,12757

-448,-188,932,13735,-31324,-27387,12851

-524,-200,936,-2454,-11025,-11725,12945

-564,-228,924,-9368,-15487,-31936,13039

-512,-312,832,32543,-1749,4201,13132

-492,-444,720,-28178,-27910,22485,13226

-456,-576,712,24064,-17674,-27478,13320

-424,-360,980,26428,-697,23707,13414

-476,-456,1008,31853,-21868,15222,13508

-640,-404,872,-24849,-347,18107,13602

-452,-840,696,-2010,29487,21780,13696

-532,-552,676,-11808,30624,-9981,13789

-228,-368,476,25465,26428,23276,13883

-352,-528,360,26340,-22050,26254,13977

-612,-428,856,-16183,-21965,-15829,14071

-848,184,1328,20035,26246,-19071,14165

-620,-12,964,28434,-9276,-13641,14259

-748,-320,828,20737,2790,-15743,14353

-456,-208,992,30012,8397,-16883,14446

-720,-108,1128,20826,-20478,15051,14540

-312,-228,732,-24937,-3850,-3764,14634

-380,-132,836,16975,-9447,-20737,14728

-564,92,1016,29394,14964,19422,14822

-716,20,1028,5857,-31592,-13390,14916

-384,-144,1044,-3417,14435,-23714,15010

-304,-292,964,-26950,-701,-28351,15103

-180,-556,932,-9096,-7521,4903,15197

-420,-156,668,-5075,-23012,17067,15291

-540,-300,716,20826,19157,5606,15385

-524,-32,1004,13733,21958,-12336,15478

-336,68,1232,7696,-19071,-10767,15572

-520,-144,880,6035,14964,-5775,15666

-504,-128,740,18808,-32639,21268,15760

-484,-832,620,10768,-20742,-13643,15854

-308,-140,796,16015,-10589,27046,15948

-228,-28,800,25985,10764,-5418,16042

-620,256,1204,-1668,-9451,32724,16135

-672,252,1348,10841,-16978,-16887,16229

-412,-16,1112,-3332,16187,-26950,16323

-448,-296,916,14782,17058,13211,16417

-256,-512,780,-4028,-27915,-3853,16510

-156,-476,616,3678,28699,-14430,16698

-428,-132,988,31589,-25551,11292,16791

-156,208,1308,32287,31507,-5160,16885

-544,-92,1004,-14001,-27558,-24146,16979

-540,-364,720,-31504,-2012,8487,17073

-408,-748,856,9361,-11553,17068,17166

-364,92,896,-30710,-28262,357,17260

-412,-128,864,-21264,22050,28101,17354

-528,144,1160,31235,1835,26074,17448

-656,40,1176,24318,26774,1401,17541

-536,-180,1020,5158,-13914,-10676,17635

-364,-240,792,9450,-13739,26419,17729

-124,-712,704,30100,-23887,24583,17822

-392,-380,664,-7350,-14435,27300,17915

-476,-200,968,-18115,16363,-3407,18009

-840,-8,1152,12769,13472,-21607,18103

-384,-100,1084,30707,-13651,3854,18196

-576,-108,692,16097,-28608,23804,18290

-664,-260,608,5857,-11375,15848,18384

-520,-332,916,-8667,-4117,1679,18477

-480,-276,976,-22575,-3595,24768,18571

-500,-252,772,25899,28262,19695,18665

-492,-112,856,-4812,-21440,30015,18758

100,0,0,0,1,0,0

-480,-264,1008,6649,-6914,-24587,19039

-436,-168,880,11547,-21439,-22053,19132

-204,-500,832,20647,-7614,3058,19226

-472,-292,704,28783,-15750,-7175,19320

-328,-292,800,20386,32201,-6910,19413

-544,-112,1008,15576,-16180,-172,19507

-592,96,1072,11197,17328,31239,19601

-772,-228,912,24764,23801,5251,19694

-568,-92,724,-9453,-20560,18289,19788

-744,-872,432,-14618,10764,16629,19882

-720,-252,764,19250,32630,-30712,19975

-308,-272,800,-21783,-25990,-30711,20068

-500,-132,860,-260,6743,16625,20162

-932,84,1196,14964,-11114,-4464,20256

-820,-172,1044,-19074,6732,25289,20349

-412,-168,856,-17236,23099,-11554,20442

-324,-232,688,12514,31062,30530,20536

-244,-556,624,-30265,-16794,-12346,20629

-556,-12,800,-21607,27307,-23362,20722

-908,-236,820,-9619,8226,-15136,20816

-1024,352,1172,25810,-19428,19066,20910

-652,-68,844,-27915,-19075,20033,21003

-436,-180,708,-20826,-16712,24935,21096

-516,-368,644,-19339,32637,-10404,21190

-608,-472,736,-14168,-32201,-18624,21283

-656,180,956,-20040,26330,-1480,21376

-584,-108,804,-19600,28255,16362,21470

-560,-8,1020,-31587,12685,-21178,21564

-440,-104,988,-13740,29050,-28350,21750

-404,-268,756,-29136,-2886,350,21844

-372,-536,580,3067,-14962,31410,21937

-340,-380,744,29493,10767,-26951,22030

-820,240,996,3240,-18375,-11635,22124

-692,28,1152,18200,4900,9708,22218

-656,208,1068,30796,27301,1483,22311

-528,-76,748,22136,-6385,31933,22404

-488,-40,524,-12690,-29487,11899,22498

-344,-1268,664,-24224,5776,-20828,22591

-824,304,972,-22137,15136,-7430,22684

-780,-140,880,-3586,31144,20646,22778

-596,8,972,15747,872,-25201,22871

-872,200,1092,-28882,5596,24494,22964

-440,-268,928,27643,-27300,-7787,23058

-392,-388,764,-7436,22749,29490,23151

-312,-516,620,13125,-7528,-17144,23244

-340,-212,760,-12772,28434,6214,23337

-404,-164,968,32727,17758,-29482,23431

-168,192,1284,4021,-15307,6039,23524

-748,244,1136,-11906,-25025,-26160,23617

-328,-148,764,3233,-14960,17681,23711

-408,-224,580,-28617,-87,-11541,23804

-468,-620,508,-25815,-5253,20048,23897

-572,-212,1064,-11114,25632,-10585,23990

-272,-28,1172,-7614,17065,-16889,24083

-792,192,1144,26947,435,-27214,24176

-492,128,1028,30705,-24061,-23887,24269

-444,-344,740,-3679,2975,-28967,24363

-236,-528,812,-11549,-22662,-23192,24456

-560,-184,944,18201,615,19510,24549

-504,0,900,-6387,-17411,-19953,24643

-364,-220,924,-27997,-5339,25637,24736

-520,-60,1172,8053,26775,-31760,24829

-624,-60,1016,27822,6386,-10147,24922

-336,-220,716,19161,5860,25290,25016

-376,-156,544,3150,-9537,-23886,25109

-476,-564,592,28793,27997,-32369,25202

-540,16,1100,-24671,27825,-21958,25296

-356,108,1204,29311,-5687,27039,25389

-592,-156,1148,6910,5426,-9185,25482

-748,64,1260,-3678,12337,-5507,25575

-436,104,1004,29390,13035,-30965,25668

-352,-60,688,29476,-7962,-29480,25761

-408,-452,772,29130,-20562,4465,25854

-320,-336,860,11112,611,2975,25948

-284,-284,832,-20122,23451,-17058,26041

-444,-36,972,6299,31587,-27993,26134

-552,-168,1064,32285,960,-18455,26227

-560,208,1180,-25382,30367,13915,26320

-684,-168,848,-21971,-17149,-26511,26413

-464,-100,680,1654,16276,-27039,26506

-748,-944,568,-2007,-23104,-16625,26693

-416,-404,980,27574,19765,-24059,26787

-460,116,1036,-27825,1753,-9524,26882

-832,-4,1048,-2889,-1228,-3415,26976

-532,92,940,-8587,-14446,7087,27070

-176,-304,744,14082,27908,261,27165

-252,-660,692,-25290,2975,-6380,27259

-120,-496,892,-18541,11376,-30096,27353

-604,-168,832,27565,14003,-32015,27447

-776,68,1124,27822,4279,12873,27541

-424,200,1400,25194,16358,-17235,27635

-472,-84,832,-29582,-261,22143,27729

-320,-328,548,-3151,-25026,20912,27823

-284,-364,520,18985,21003,-4099,27917

-488,-360,716,29757,-10679,1584,28011

-588,200,1228,-23981,16785,-22744,28105

-708,-332,1048,1747,3674,12241,28199

100,0,0,0,1,0,0

-316,-264,68,-27285,-21152,-6414,28482

488,472,660,2698,-4728,8086,28576

208,-1260,976,5174,-598,-25553,28670

-344,68,792,-5600,27844,-13914,28764

-1168,-104,836,31324,-21261,-30443,28858

-872,200,1052,17150,3229,-27299,28952

-600,168,876,-10765,23096,-5244,29046

-376,68,816,-18121,-8839,-704,29140

-492,-120,572,-11643,30012,-10850,29234

-936,-1048,600,-12851,31571,-690,29328

-276,192,968,-14958,30090,-16704,29422

-76,316,1268,-23797,-2708,9360,29516

-624,420,1376,-6828,9276,-17767,29610

-444,588,1240,-28971,4982,-89,29704

-156,-4,928,27376,2797,12775,29798

-164,-128,700,-26956,-11378,1489,29892

-16,-608,808,-17408,27828,3332,29986

-32,-388,860,23987,8229,15315,30080

-360,-120,728,-1391,14525,353,30174

-316,932,1484,9533,19957,-19160,30268

-552,212,984,-25817,16017,-20121,30362

-484,-32,844,-12956,-30799,-27387,30456

-376,-136,756,14255,2714,16801,30550

-636,-688,668,-23622,-30806,6745,30644

-592,128,1008,-10935,6465,2196,30738

-412,216,1116,-17937,-2718,13742,30832

-140,168,1204,22747,15404,3935,30926

-608,212,1040,5947,17404,6634,31020

-232,24,900,1728,-5765,-19582,31114

-1044,-520,-40,-27018,27497,-2772,31208

620,-488,1488,-7608,7439,-26931,31301

1196,-40,840,14787,17969,-10522,31395

-1116,1852,1216,-3306,15837,-25893,31489

-260,-76,1044,-24045,955,-26769,31582


Stopped
Enter command>
