Here log for real horse accelerometer data. Accelerometer located on halter on the horse head,
between ears. Here 2 sets - 33 steps and 9 steps.
z - vertical axis, x - from left to right side of the horse, y - from head to tale. 
ax,ay,az - accelerometer data, gx,gy,gz - gyroscope data. ts - timestamp in milliseconds real gyroscope data multiplyed by 10 000
frequency - 10 Hz


Here link on youtube video  of this set 
https://www.youtube.com/watch?v=nfaMHzxl-Ik

----------------------------------------------------------------------------
alaska-33
ax;ay;az;gx;gy;gz;ts
-268,412,900,-16975,-31411,7001,34
-240,404,884,-18287,-10674,12251,127
-244,408,892,-19862,-13911,1926,221
-244,416,888,-16275,-4199,-10674,314
-252,404,892,-20650,5339,-13911,408
-260,408,892,-17587,-2099,-12774,502
-268,412,892,-18725,-2886,-24674,595
-272,404,896,-19687,-22049,-30011,689
-272,400,896,-19687,-26424,28700,782
-260,388,892,-20650,-29924,-31411,876
-264,392,900,-16800,-25286,-32549,970
-268,392,908,-18112,-28261,-29661,1063
-276,388,904,-12075,29050,27475,1157
-276,392,896,-11112,20300,20037,1250
-268,388,888,-4900,23887,23975,1344
-264,392,896,-9712,-28174,31325,1437
-268,380,900,-15837,-28874,23887,1531
-272,396,908,-20212,27037,29400,1625
-272,376,908,-10937,29750,29925,1718
-276,384,904,-10150,29400,-29574,1812
-264,380,904,-3587,-25811,-31411,1905
-260,396,896,-14612,-17411,-29224,1999
-284,388,900,-17675,31675,-31674,2092
-272,384,904,-16187,26950,-27561,2186
-276,384,908,-12337,-31149,31850,2279
-268,388,900,-15050,-30624,29050,2373
-276,388,896,-14437,26337,-30186,2467
-268,376,900,-10587,-29574,32550,2560
-272,380,908,-12512,-27124,-25461,2654
-272,384,904,-11637,-30186,-24324,2747
-272,384,896,-9012,-32199,-28174,2841
-256,384,900,-12162,-29836,-32374,2934
-256,392,900,-17675,-29749,-28436,3028
-276,384,912,-10762,-31674,-29136,3122
-276,372,916,-3587,30275,-30886,3215
-260,388,900,-13475,-15399,32550,3309
-268,384,900,-24325,-22399,28000,3402
-280,380,904,-16012,32637,31325,3496
-284,384,904,-7875,17150,27650,3589
-268,372,908,1575,21175,25025,3683
-264,372,920,-5425,25637,-29311,3776
-280,376,904,-7000,26512,-29136,3869
-264,372,904,-20300,-32374,-27736,3963
-272,364,932,-18637,-15224,-28874,4056
-264,368,936,-2012,-25811,-27911,4150
-256,376,916,9187,-15837,701,4243
-260,392,888,16362,12339,7789,4337
-312,388,892,-350,-31760,3851,4430
-288,392,888,-15837,-10411,-5686,4523
-288,392,896,-20650,-2799,-16274,4616
-304,380,904,-16625,-24149,-6999,4709
-276,384,908,-10325,23362,-20474,4803
-304,392,892,-5512,7089,-12336,4896
-296,396,884,-1225,-29049,-23536,4990
-284,388,880,-17325,-15311,32637,5083
-296,392,892,-5512,-26424,32550,5270
-316,384,904,-14612,29137,25725,5363
-308,380,888,-3500,27037,31762,5457
-300,388,908,-10062,-19949,31762,5550
-308,388,888,-19512,-25724,-28874,5644
-316,380,888,-23362,-32461,-26161,5737
-300,384,896,-21875,-29399,-27299,5831
-308,376,896,-11725,-11374,-28436,5924
-292,380,888,-9625,-1749,-22749,6017
-324,376,888,-18900,-3236,31325,6110
-336,380,888,-21262,31150,28087,6203
-304,376,888,-23362,-30536,-30449,6297
-312,372,896,-19862,-23886,-27999,6390
-328,364,900,-12775,-25636,32375,6484
-320,372,888,-8837,-27999,30625,6577
-356,384,892,-10850,-30625,17587,6671
-320,368,884,-5250,-8401,-5687,6764
-264,372,896,19337,-25814,-2800,6857
-288,368,916,-24324,785,-27650,6950
-268,364,928,-9185,6644,-18903,7043
-140,412,880,20565,-10767,-24679,7136
-168,444,888,3240,-13653,28434,7229
-136,400,956,21878,26160,7958,7323
-172,404,764,31590,20997,-19689,7416
-132,892,700,32549,-26250,-7792,7510
-444,860,964,6824,7344,-31415,7603
-224,392,936,-22744,23974,9451,7696
-156,592,864,23892,21439,30365,7789
72,724,656,11814,24595,25725,7882
-36,564,504,-7179,25817,-23099,7975
4,716,732,-27923,17421,14439,8068
-476,344,932,-8231,-21172,-19161,8162
-280,348,1004,7872,13299,31154,8255
-68,200,996,-25985,-19944,-13469,8348
-80,372,972,3853,5174,-22741,8441
-588,604,1132,-13474,-32193,-16354,8534
-496,516,836,-16276,15492,-22218,8627
-420,516,512,16185,14525,-8222,8720
-376,532,356,2966,5160,-21872,8813
-208,460,764,30439,-10496,31671,8906
-552,12,1108,10149,22224,-30271,9000
-400,144,1068,-28432,-10324,20654,9093
-380,544,924,-26860,704,31854,9186
-504,492,796,7700,20914,23361,9279
-376,360,672,2096,-30536,-22480,9465
-328,332,1084,10496,7965,22406,9558
-612,120,1088,-5864,7083,-11541,9651
-516,300,996,-26072,-14357,-7955,9744
-180,308,980,-14429,-14179,23275,9838
-24,776,776,13911,16889,-27560,9931
140,864,540,-1846,26343,14879,10025
-172,636,500,-26879,16015,-22310,10119
-288,-296,904,-12867,15668,6215,10213
-548,-72,1484,-29747,-30532,14093,10307
-512,180,1352,-29394,15928,-787,10401
-340,768,596,-6911,-30535,-13212,10589
-172,768,448,18979,3674,20303,10683
-176,452,696,-31248,23708,20217,10777
-192,-132,976,-14090,-13126,28790,10871
-336,-32,1160,-31412,-26601,-23007,10965
-68,332,1108,-2887,-8489,-24410,11059
-12,700,856,-18986,-11111,17150,11153
-204,588,616,-26339,26340,12774,11247
-264,20,840,23796,-5254,-21874,11341
-80,-92,1308,-2624,-20740,-9278,11435
-60,-8,1360,-22132,-7087,-13649,11529
-184,184,1180,-5946,-4724,24153,11623
-172,272,836,30979,-1661,7615,11717
-156,848,600,6479,-14612,-8221,11811
-112,644,480,-7351,15053,-6914,11905
-180,276,668,12068,25896,-13737,11999
-40,68,1168,18016,-8751,-23886,12093
12,-92,1376,90,3503,9890,12187
-68,344,1036,-24496,23104,23101,12281
-212,140,564,20129,12953,31325,12375
56,852,612,2793,-25022,13567,12469
-264,424,976,30437,-4807,8665,12563
-332,32,1236,-24942,261,-20821,12657
-92,0,1436,-24325,10592,-4804,12751
-300,-20,1048,618,-22918,15581,12845
-232,224,748,9717,10151,22320,12939
-60,620,576,22489,13393,-32721,13033
-504,372,480,-23276,-15399,-7353,13127
-340,224,1032,-27131,-19351,19862,13221
-340,208,1444,3579,31939,-14699,13315
-200,-260,1484,32031,-12168,8664,13409
116,92,836,7096,12424,-8922,13502
60,428,688,16979,-23618,8754,13596
-292,368,504,-32376,25378,-14522,13690
-88,172,860,-17684,12424,24506,13784
-256,-176,1496,-15053,-10849,20392,13878
-256,-76,1372,4379,1404,27304,13972
-148,184,772,13481,-28257,31243,14066
100,296,448,16720,4734,3503,14159
-524,1416,444,-28624,-10491,430,14253
-476,692,820,-3596,13635,-31500,14346
48,76,1356,-6215,9880,-4543,14440
0,336,1460,15572,26517,5256,14534
-164,-280,1212,26695,26429,9281,14628
-60,68,536,-20026,-17055,26779,14722
-44,724,648,-22056,3857,-14871,14816
-280,388,832,9962,-20389,-12246,14910
-256,-24,1076,-21789,-23362,14173,15003
-280,124,1204,-9367,-28785,-19428,15097
-364,-36,1260,11556,1572,-21954,15191
-184,224,936,-16352,-29750,-7783,15285
-16,236,760,5876,8314,-14347,15379
-156,580,572,31068,3942,16446,15472
-524,1008,388,3318,-15674,-1320,15566
132,300,1188,-10510,-19857,-5687,15753
-452,-200,1448,-23007,-8842,-12510,15847
120,200,1052,8,-14349,-6561,15940
152,184,520,-14694,-14605,-32369,16034
-172,1476,604,-12432,-3760,-20821,16127
156,448,828,8566,21454,452,16221
-628,284,1040,4894,-6296,-3404,16315
-468,348,1228,17846,20032,7617,16408
-100,-320,1392,-1304,5336,12514,16502
4,392,864,27567,30889,22667,16596
44,552,524,1568,95,21706,16690
-204,484,424,18713,-32549,-17675,16784
-260,260,812,-26870,19247,20306,16877
40,220,1472,-10242,-18105,12957,16971
-496,-328,1524,-7340,5162,10332,17065
-24,108,916,-28254,-27382,-18805,17158
-8,112,424,11031,16103,-1743,17252
100,1324,600,28510,-24665,-3752,17345
-384,812,800,27987,15576,-5951,17439
-648,-572,1180,3147,31930,-31499,17533
-356,88,1284,-27736,-30889,-13996,17626
-32,-212,1252,-7779,-27999,15578,17720
-120,112,912,-19680,13651,-18635,17813
-128,368,744,2539,-17058,11722,17907
-148,748,624,785,3235,3407,18001
-100,220,976,19769,19155,-6740,18094
-72,-108,1528,15221,4461,17239,18188
-56,-20,1200,-19505,-26335,30192,18281
-120,224,736,4731,-17497,31326,18375
-116,372,568,-31319,-4722,-27911,18469
-88,416,688,6640,9097,14000,18562
-12,276,1032,27290,3849,-16186,18656
-140,132,1484,-11992,-22400,-21700,18750
-96,228,920,-14254,12604,2017,18937
-52,224,464,-27733,11382,617,19030
-228,748,300,30182,-12504,3493,19124
-384,416,1004,-14888,-11726,-11199,19218
-344,220,1588,29307,-17576,25468,19311
-756,-172,1212,-30444,-4289,-31666,19405
-96,68,800,-14079,15043,-26594,19498
152,196,496,14188,2625,-4802,19591
-20,1044,596,31843,8490,26603,19685
-96,380,896,-18035,19599,25113,19778
-288,188,1420,-1489,28001,-31411,19872
-28,-64,1252,-2793,4725,14087,19966
-112,440,920,6743,-25372,26599,20059
-128,264,468,-2793,32726,-14618,20153
-348,1168,384,-31242,-21783,-24601,20246
-292,752,712,18360,-17684,20033,20339
-152,336,1404,-13395,11462,-25811,20433
-232,-120,1384,16717,-1225,-11283,20526
-100,312,824,7793,30539,-11547,20620
-88,336,488,12343,19689,18378,20714
-248,1384,680,254,-24328,-31237,20807
-92,-104,1068,4894,21440,-23708,20994
-240,88,1372,-26075,-17846,-23533,21087
-112,-116,1316,14620,884,-19246,21181
-368,372,960,6479,31328,16363,21274
-164,284,616,7876,-12507,-26861,21367
-660,536,592,-614,20901,15569,21461
-268,332,684,6907,-5696,21440,21554
208,192,1152,-11643,-20733,28882,21648
-216,-72,1328,-11635,-30530,-17843,21741
-220,164,952,-14608,-28696,-29390,21834
-64,352,728,31412,5253,27656,21928
-68,720,704,1913,5865,21096,22021
-204,232,956,17579,24328,12788,22114
-344,172,988,-4118,24328,8669,22208
-284,100,936,-26342,-27474,-26683,22301
-260,-48,1344,-14439,-32374,-24319,22395
-176,-180,1236,19515,27217,7268,22488
-276,180,896,615,8492,-27207,22581
-228,308,708,-22400,17157,-11985,22675
-444,376,620,-6654,-28085,7876,22768
-448,76,820,-5340,8222,-29219,22862
-300,96,1116,1922,-18203,18292,22955
-420,-312,1320,-10319,1485,-30972,23048
-168,152,1060,25992,-10676,-3322,23142
-80,248,824,-15396,-13474,-15397,23235
-112,652,808,-22323,-18635,14874,23328
-316,204,900,-4121,22751,21968,23421
-352,132,924,27121,-16274,-6990,23514
-232,96,1072,23008,8490,32382,23608
-372,-172,1376,24942,9192,-29830,23701
-336,-28,1072,26343,2103,-27119,23794
-312,232,968,6134,-26247,13476,23888
-268,668,728,17411,-3761,-23889,23981
-328,380,708,-30104,9972,2797,24074
-212,324,932,-12518,-27301,-5336,24168
-156,-152,1276,-18897,-14787,21093,24261
-244,-264,1232,22493,-10847,-4982,24355
-168,256,876,-13033,26342,22143,24448
-136,420,636,-6039,-31583,-13113,24541
-56,1168,604,12766,25993,-31488,24635
-360,400,924,3582,32640,10154,24728
-532,-56,860,-6303,-8400,28965,24821
-360,140,1332,22923,-13389,-10319,24915
-220,52,1100,3940,18989,-4108,25008
-280,260,872,1053,32115,-5858,25101
-316,868,744,20126,-3235,-30014,25194
-212,496,640,-22312,-1664,28082,25287
-124,528,832,16796,26857,32636,25380
-228,-16,1168,-21621,-12075,10503,25473
-304,-260,1272,27650,-9450,-16272,25566
-224,4,1060,9890,3062,11028,25660
-120,232,1000,1317,-13037,-21082,25753
-112,732,944,13125,31065,-16269,25846
-252,412,764,14696,-12335,5696,25940
-256,0,852,-3420,20208,15842,26126
-104,-444,1396,7789,-26603,-14083,26220
-136,-8,1232,-30793,-3146,9453,26313
-256,124,1212,26253,16371,-1308,26406
-448,544,988,-20552,9892,-18111,26499
-316,300,664,31242,-8218,-24587,26592
-608,328,688,30271,7260,-962,26685
-288,-72,1052,-13306,-6824,29312,26778
-412,-412,1124,-9883,-7964,-965,26871
-288,52,1016,-29658,18375,3154,26964
-48,272,816,30193,-21786,-29137,27057
-132,836,720,12072,-14776,-16011,27150
-540,656,708,-26347,16634,-24061,27244
-764,168,600,-27571,-4196,-4728,27337
-800,-344,944,18982,28780,24859,27430
-192,28,1124,27656,-6040,-4635,27523
-500,228,1008,-23971,11029,26246,27618
-556,420,700,5687,23985,-7101,27712
-36,476,396,25977,-30179,-10671,27806
-920,408,612,-30030,8224,-18992,27900
-592,-756,1004,26068,27296,-25121,27994
-692,-552,1152,-2883,-4031,-30008,28088
-872,-344,992,30449,-28709,5277,28182
240,-124,672,-9705,-7426,28973,28370
-392,-208,524,5977,-26167,-13548,28464
884,1664,744,-10410,-14506,9695,28558
-468,-92,1020,-25557,-18178,-28645,28652
-1524,-436,1256,-20398,-24151,-8572,28746
-780,-316,936,2710,-7876,-251,28840
-892,-288,516,5348,-22926,6217,28934
-320,396,348,4382,20832,12502,29028
-1276,-52,152,10068,20635,18442,29122
-1856,1360,16,22026,20150,6380,29216
820,80,564,-8418,12457,16274,29310
900,-256,1048,21172,6643,19717,29404
1148,-760,1056,-7159,1694,-20220,29498
88,-308,1316,-10745,8504,19449,29592
-1876,224,432,-22929,-21390,-7248,29686
2040,-140,1072,-23889,-21605,-13729,29780
-392,-48,708,-16702,-8760,14098,29874
588,-136,1052,-7074,25810,11729,29968
428,-60,1196,-6546,-32021,6822,30062
88,56,1144,30204,-16540,-32639,30156
188,796,664,-30790,-12339,-19868,30250
160,480,676,-10926,349,9628,30344
-412,824,348,28617,-1683,29063,30438
1496,968,956,30893,11402,-23810,30532
156,372,516,-17499,-7070,15750,30626
140,728,680,-12256,25038,-13740,30720
-92,268,832,28257,-955,22135,30814
-88,352,1196,27472,26251,-14528,30908
-72,408,1228,7615,-21521,-28524,31002
-336,412,960,7357,-29928,5686,31096
-244,492,580,20481,27994,31580,31190
80,600,396,-21179,25191,-21957,31378
496,1000,496,6552,3074,-3318,31472
100,240,1020,5775,24249,12692,31566
-268,288,1432,29140,12254,5693,31660
-68,372,1068,16892,-6819,-15918,31754
116,588,596,30015,8145,-26763,31848
136,1288,372,7423,21888,24857,31942
-572,128,896,9266,-26502,9101,32035
-396,-40,1256,8832,353,28790,32129
-312,132,1404,15401,19775,-1569,32223
-152,176,1140,-8396,-9712,8232,32316
-36,408,692,19081,32460,-6471,32410
60,976,296,-5601,25287,-18546,32504
-36,816,448,-354,5862,-28176,32597
44,356,820,-4999,5244,-32194,32691
-144,-268,1296,6554,7087,25731,32785
176,-76,1368,-86,-3587,12257,32879
20,116,1152,-16271,-3847,-19855,32972
132,252,796,-6294,14793,-30268,33066
164,1060,672,-354,32210,9985,33160
-124,536,608,-28004,-691,21006,33253
-208,288,748,-13657,16543,22143,33347
-360,-84,900,-14102,15668,18375,33441
-68,-292,1532,-8572,15916,12695,33535
-80,100,1492,-12947,-13727,11554,33628
-404,24,1124,31943,24412,-28871,33722
-160,424,788,-21697,-11462,19340,33816
-152,572,536,22136,-3408,-28258,33909
-120,388,832,16791,15307,3507,34003
-520,-312,1336,5947,-28610,13046,34097
-44,12,1204,-18721,-25904,-32718,34190
88,-12,1048,25820,26772,-13643,34283
244,236,696,24599,28175,-4280,34377
224,1024,692,-5518,18467,-24052,34471
128,700,548,-10248,-5415,31417,34564
-268,292,748,-12177,23545,-29314,34658
-300,-356,1300,32546,20649,-27304,34752
-120,-188,1468,12870,19860,-9008,34845
-164,60,1188,-24312,-19078,-699,34939
100,296,824,-25362,23717,28876,35033
-68,636,384,-25722,-11636,13908,35126
-8,736,496,27118,23190,4286,35220
4,432,796,28426,13912,-31324,35314
-380,-172,1252,-6042,960,25111,35407
-100,-92,1396,-10672,26594,20915,35500
20,144,1160,29753,-19256,-4112,35594
172,272,856,31415,-12161,25293,35688
108,468,500,9799,12155,-31232,35781
184,628,596,-14273,-4636,17237,35875
120,-52,840,-14009,21346,-13043,35969
288,-444,1684,13834,12079,6997,36062
52,-76,1392,-4973,27481,-23536,36156
-84,456,1032,27660,8840,-27651,36250
-96,636,572,-10929,-25900,20121,36343
108,732,400,-9103,24854,4199,36436
-80,-52,1140,23794,-27993,-24758,36624
-316,24,1456,-29835,-27212,7357,36717
-136,236,1092,32201,6647,-26504,36811
164,240,644,-13555,31325,28449,36905
200,892,548,-4467,-5591,-18102,36998
-188,608,528,21952,-21607,22487,37091
-220,-56,952,7079,-32203,15578,37185
-28,-136,1520,-29050,2800,-22129,37279
100,-48,1300,-32460,-18452,17068,37372
-172,240,1052,-3410,-25894,8142,37465
-240,424,836,-18199,32112,-30797,37559
-164,384,644,3322,26251,18286,37653
44,-4,1060,22741,-18028,-28958,37839
-244,-308,1404,-14436,-24065,5167,37933
68,-32,1252,-4282,-31149,-4283,38027
64,180,1060,-20554,1926,-13207,38120
176,384,748,-16979,11817,-27030,38213
-4,544,556,12323,-6294,-13643,38307
-304,44,660,-8149,8485,27917,38401
-128,-476,1268,8487,7699,-27733,38494
68,-488,1532,-20202,-32368,14181,38587
-100,-28,1276,-27813,10417,-15394,38681
-60,212,952,11823,30456,-31758,38775
-160,480,456,14349,6654,-10146,38868
-120,908,368,16879,24760,-29397,38961
-60,488,728,13908,29224,-19854,39055
-36,-28,1372,25906,-13914,-29566,39149
-132,160,1112,-2096,-8483,26343,39242
-40,216,884,-32279,-28172,32029,39335
4,540,732,9889,-30533,22232,39429
16,316,560,10668,-28957,27043,39523
-268,-120,972,-12871,16890,14003,39616
-52,-280,1332,-8749,3,-6644,39709
-80,72,1260,-13644,-24405,-20905,39802
-260,352,1124,14004,-5160,14526,39896
-216,632,768,25995,12951,15229,39989
-196,480,488,-27124,-23011,15574,40082
-188,280,584,-12781,-14440,-18026,40175
-76,0,1112,32102,25104,7260,40269
-124,-212,1372,3237,-15406,-15839,40362
192,180,1244,18026,-8404,23625,40455
20,176,920,21965,-4551,16797,40548
96,832,688,-21525,5862,264,40642
20,436,580,-30367,-30974,8750,40735
-20,60,884,-12696,12510,-18987,40828
152,-332,1276,-20656,19336,-5337,40921
324,-252,1340,-27908,-6299,20478,41015
36,168,1084,-9097,28090,-26247,41108
-16,60,800,-25194,-21435,-13739,41201
-252,160,696,-28087,-14264,31143,41294
12,224,740,-13653,16008,-11026,41388
308,212,1012,-12520,-32639,-2362,41481
164,-216,1276,24583,22925,28699,41574
188,-92,1240,11903,-24583,5340,41667
48,192,584,21704,14001,9107,41854
-20,464,516,-31593,17150,1846,41947
-112,0,980,-1588,-2540,12953,42040
344,-240,1480,-15231,4550,30890,42134
372,-468,1580,-24227,-27643,22315,42227
-36,-48,1140,-7076,-15830,21968,42320
12,20,688,2901,3421,8931,42413
-88,768,408,17061,-22046,3764,42507
-276,548,820,32365,23800,-20469,42600
-88,68,1296,-19610,16011,24240,42693
-300,-680,1580,32470,-28273,-1485,42786
320,80,888,17948,-16711,3068,42880
152,192,484,10507,-26944,-24760,42973
48,936,492,-31331,-26246,-11194,43066
-128,740,848,26064,-1922,-27124,43159
-240,-184,1408,14174,18460,3771,43253
160,-72,1596,17682,14967,11996,43346
-48,-156,1200,23202,2106,-10060,43439
-28,312,668,28620,21265,15139,43532
-12,312,364,-14965,-7605,-12246,43626
-436,1276,540,-27135,7340,-796,43719
112,-64,1064,31757,16099,6392,43812
-168,248,1652,-29924,-16628,-18815,43905
124,-172,1280,-19504,15224,-31760,43998
156,148,568,-24666,-15921,-25462,44091
44,620,564,-10160,21794,12864,44184
-200,360,680,28335,6816,25810,44277
436,-368,1168,-6212,-1837,-1,44370
4,132,1216,-20304,-9625,18024,44463
100,-24,1336,-23883,-23537,-8926,44556
160,104,1020,15320,2978,29399,44649
12,132,644,8143,12779,-25464,44742
-260,1068,648,-26164,865,30182,44835
148,464,796,14426,-1053,19604,44928
656,28,1256,-22229,8677,28700,45021
-100,-108,1700,30023,-693,10678,45115
16,-280,1064,19094,-15302,12782,45209
116,72,340,11479,3954,14101,45303
-304,1096,112,-7366,1574,-14168,45397
-248,940,232,-29152,-5244,-2177,45491
-248,132,1132,23361,-20644,22931,45585
-408,60,1336,-8401,-23274,-1743,45679
-384,348,1336,20126,28258,-25719,45773
44,-60,1256,-32013,-6380,-25280,45867
-168,272,844,-18013,-5682,6834,45962
-68,580,540,14706,-3843,-12857,46056
-352,1000,496,-24248,8746,10058,46150
28,352,720,-5001,11807,-20208,46244
76,12,1228,-21098,-26693,17150,46338
96,-80,1540,14874,18285,4818,46432
48,224,1172,-16793,23190,12603,46526
-88,180,720,-430,-258,-11285,46620
24,464,516,-21867,-27555,7879,46714
-16,968,632,-9287,-25547,-18191,46808
s-208,216,908,-6920,22231,27217,46902
-92,64,1272,-18114,10580,23624,47090
-24,360,616,13392,-4544,-22662,47278
-268,584,600,25556,-4982,4725,47372
-348,640,752,24493,19332,-12954,47466
92,240,848,-30015,5418,-10758,47560
148,392,1312,14343,-1918,443,47654
-296,-140,1476,18026,14614,-14524,47748
96,300,1020,26607,-14528,25639,47842
20,280,596,-28955,-11460,19247,47936
52,872,620,23276,21000,-6732,48030
-72,444,760,-9543,29576,32376,48124
-256,136,1100,8224,20125,1400,48218
-84,308,1312,-5949,18455,18986,48312
364,184,1344,-31761,-12946,8489,48406
-136,200,796,-13643,25381,21262,48500
-124,424,404,28704,-25374,16626,48594
-288,1368,656,7862,-19165,-7970,48688
-4,-96,1108,11551,-26702,-30537,48782
424,632,1252,24236,3843,-2014,48875
268,172,1048,-5683,4987,24150,48969
308,412,900,21176,25025,-31501,49063
244,456,832,-21000,14092,-20306,49157
-48,440,716,-11728,-30540,27727,49251
132,296,696,-5250,-268,-8578,49344
244,604,980,21343,-13214,25893,49438
184,312,1028,14699,20125,-264,49532
92,492,932,9010,-16799,26247,49626
120,296,852,19861,8926,-11201,49719
180,264,992,-19512,-25371,15925,49812
-40,128,1004,-4985,-19510,17149,49906
-212,640,1028,-28440,-2629,-27653,50000
164,268,996,-23012,6300,-5161,50094
-56,276,872,22750,14349,-7353,50187
-184,448,900,6562,30088,-11560,50281
384,104,792,1668,-30371,-17329,50375
280,536,872,4199,-1229,-22315,50469
228,480,820,5074,11199,-25296,50562
16,472,852,28697,2883,-271,50655
220,500,836,18372,-25990,-28267,50749
240,508,872,-5865,-24851,-26428,50843
168,396,904,6911,-28000,2972,50937
124,412,900,-28437,21699,-3239,51030
164,424,876,5599,-10850,28611,51124
188,432,892,1311,9187,-11987,51218
184,404,920,-29487,-27736,29312,51312
204,428,896,24236,30626,-12336,51405
204,436,888,15047,24767,20831,51498
188,424,900,27471,268,-5768,51592
160,376,892,13472,-31230,30893,51686
44,316,904,1836,15931,-13468,51780
28,288,972,-10062,22665,4556,51873
0,308,1000,-24412,29226,4,51966
0,272,992,1575,-27125,30803,52060
68,288,984,27037,17936,29051,52154
132,280,968,-27035,-8661,20565,52248
128,368,896,11812,32376,14178,52341
64,312,988,16011,-17324,-17062,52529
108,304,960,7612,12687,28528,52623
80,292,944,6912,2100,-11899,52716
116,308,940,5862,18375,24062,52809
104,308,968,31236,21087,-26511,52903
128,272,964,9275,19687,-23449,52997
124,316,952,-11812,27562,24500,53091
96,300,940,1400,-14349,30975,53184
68,300,956,-19687,-5075,20125,53278
140,312,956,-12862,-9100,-10236,53372
132,308,960,-23975,-27824,-15837,53466

Stopped
Enter command>b alsk9

Starting measure, name: alsk9

ax;ay;az;gx;gy;gz;ts
-68,348,952,-6825,29750,-30361,81
-64,332,964,-4725,-32024,-30186,174
-64,340,948,-7000,-30011,32550,268
-64,328,948,-13037,-29224,-30974,362
-60,340,944,-7612,-27036,26250,456
-68,332,948,-8312,-32374,-30099,550
-64,352,944,-8050,-28261,-31936,643
-68,340,944,-10325,-32724,-27474,737
-52,324,948,-8925,31237,-21174,831
-64,348,948,-8750,31237,-25986,925
-60,344,952,-10937,-29136,-23274,1018
-64,336,940,-11375,-20036,-32635,1112
-40,336,948,10062,26339,12076,1206
-100,344,960,14000,25376,-6824,1300
-108,352,952,1487,-26511,-8836,1393
-72,344,948,-11637,-27386,-25461,1486
-64,340,944,-17587,-5249,-13561,1580
-104,352,960,-12337,5951,-3149,1674
-100,352,960,-3937,-17761,-11549,1768
-88,348,940,-6300,-29311,-19599,1861
-88,356,928,-14700,-30624,-17936,1955
-76,340,940,-18550,-29136,-25286,2049
-104,348,948,-22137,29750,-27561,2143
-96,336,948,-19250,12250,8662,2236
-152,340,980,-12775,28349,4986,2329
-52,336,960,-23537,31061,24587,2423
-96,336,944,-21175,28436,-15137,2517
-48,332,948,-16450,-27562,-5687,2611
-28,328,940,-15312,-11462,-787,2704
-32,320,960,-12775,-11375,12600,2798
-24,324,964,-13562,17500,26162,2892
-12,316,972,2800,-22224,-18286,2986
-32,324,960,11462,-4899,25287,3079
-36,348,948,5162,-5424,26862,3172
-52,344,952,-1312,-15049,28000,3266
-52,332,948,5250,-23886,-32724,3360
-48,340,944,-4200,-14261,-30799,3453
-52,336,944,-6475,-11724,-24499,3546
-68,336,952,-10500,-20649,-29574,3640
-60,340,952,-9975,28962,-19774,3734
-48,336,948,-7175,-27211,-20736,3827
-56,340,948,-14875,-22924,-22311,3920
-64,340,956,-16537,-29749,-26161,4014
-56,336,944,-15575,32375,-27036,4108
-56,336,960,-9537,-31936,-30186,4202
-64,332,944,-8837,21525,32725,4295
-60,336,944,-13737,21962,27562,4388
-52,336,952,-17500,32025,22575,4482
-56,336,952,-10412,-30624,-31149,4576
-80,336,952,-13737,31325,25900,4669
-56,332,948,-10500,29224,27650,4762
-52,320,940,-1662,-31061,-32024,4855
-60,340,940,-12687,-30274,29750,4949
-60,328,944,-7350,27737,-31061,5043
-68,352,956,-12337,25112,-30974,5136
-56,332,944,-16712,27037,-27299,5229
-48,328,948,-14437,32725,32112,5323
-60,328,940,-5687,25550,32112,5510
-52,332,940,-7962,31150,-26074,5603
-48,332,944,-12250,23975,-28786,5696
-56,324,960,-7612,27475,-26511,5790
-48,332,952,-6300,-21961,-30624,5884
-44,328,948,10412,-31411,-25636,5977
-44,328,976,24062,701,25987,6070
-44,320,952,18375,-7874,30887,6163
-68,360,948,-2975,-22574,-16624,6257
-60,348,940,-3675,-20999,-24849,6351
-56,352,936,-13562,-25986,-4636,6444
-64,332,956,-15400,-28874,-19161,6537
-68,340,964,-17850,-20911,-24499,6630
-56,344,936,-16975,-18461,-19161,6724
-68,348,924,-14437,-17411,-22486,6817
-84,400,988,-1925,13212,7089,6910
-128,292,996,4464,-22750,-25897,7003
16,392,932,-5510,31936,29488,7097
-52,436,836,-8924,24064,25551,7191
-128,472,888,30186,-18986,-31235,7284
-56,432,872,27999,18987,-25196,7377
-8,408,816,-24762,19775,4201,7470
-52,328,788,-3412,9276,-12775,7564
-248,556,920,1399,8925,30449,7657
4,400,1048,-23453,20735,-25897,7750
-44,272,1084,-15660,789,32289,7843
-76,608,788,28704,-14697,-3764,7937
-128,696,828,-4726,-10325,31496,8031
-108,256,572,26862,14521,-7001,8124
92,740,592,15740,22050,28528,8217
-104,-32,1072,-25824,6476,22312,8310
-76,-96,1276,3940,22394,20915,8404
148,184,1032,-30533,-26775,24242,8497
232,272,784,-6294,13214,968,8590
80,916,888,10499,-29918,-20284,8683
-24,40,1040,23446,-4633,-2535,8777
-280,188,1080,-28876,22133,-6118,8871
-40,148,1048,15921,17055,-14083,8964
336,-64,1164,-12164,-6560,25818,9057
60,28,1012,26781,-3235,19862,9150
-8,292,828,1843,-29047,-23625,9244
-24,512,808,-28785,-28434,27999,9337
12,320,744,-4562,-4987,-28261,9523
64,-44,1068,-20832,-8486,30978,9616
48,-128,1404,20124,15926,-7255,9710
4,-180,1180,23456,12424,-4193,9803
36,76,868,-7782,-11290,28009,9896
-52,244,640,-12246,-15495,7890,9989
252,228,848,17147,25372,-31576,10082
428,148,1000,-5431,-7862,32292,10176
-132,24,1096,-5340,16282,19170,10269
24,-32,1280,31061,-4456,-6116,10362
-124,-140,1196,-18369,-14346,-10404,10455
-32,108,932,16543,-28782,13132,10548
-152,296,840,-13382,-8566,28964,10641
-348,364,784,-20649,-26601,615,10734
36,116,1132,3236,-16978,-21869,10920
-84,-72,1240,-28432,7611,-9969,11013
120,116,972,-15571,11025,9548,11106
196,172,780,-3672,29403,32038,11199
220,520,728,12763,-5679,-20026,11292
120,312,904,-1145,-70,-14607,11385
-472,184,972,-31856,-17492,-30269,11478
-412,176,824,12682,-7701,3417,11571
-144,92,1164,-786,-9801,-23269,11664
-104,-112,1316,-1044,-27910,-169,11757
-204,72,1128,5782,-23099,15754,11850
-104,456,848,22845,3240,16362,11943
-220,828,588,12511,610,-23456,12036
-144,468,636,5243,21166,10675,12130
168,204,916,22040,13210,-21522,12224
4,-256,1320,-21261,-25464,18900,12318
68,-124,1228,7004,-20999,-13121,12412
68,48,988,15493,-3847,-32107,12506
140,316,828,15578,31237,4731,12600
176,976,720,18110,15409,2106,12694
-192,724,660,-31160,-27208,22403,12788
-292,24,896,-21270,24843,25464,12882
-32,-216,1428,14004,32375,6479,12976
112,-232,1432,-20993,18993,14179,13070
68,140,1204,-21165,20656,4547,13164
-32,164,836,15318,-26857,-10762,13258
-404,604,588,9536,14704,-28958,13352
28,236,1032,17927,4190,17150,13446
-12,-188,1380,-7786,-28617,-28872,13540
48,188,1100,-22479,20386,11289,13634
40,356,1020,-13293,-4900,20128,13728
152,568,656,-22127,-14261,19951,13822
-56,520,460,-6657,14532,-3321,13916
-260,368,688,26410,-31757,29054,14010
-36,-248,1296,21694,15047,3,14104
116,-260,1380,531,8489,4117,14198
100,312,1048,27835,23890,30889,14292
-128,352,740,-19854,25379,-4374,14386
-168,592,452,16972,20390,23449,14480
-236,504,524,-24504,3326,-29053,14574
-208,136,1108,-22763,-26428,525,14668
-260,-320,1636,10500,32369,-2624,14762
12,164,1120,-694,19246,18904,14856
4,436,676,-30094,25292,-30268,14950
28,848,420,5686,-12335,-24930,15043
124,820,576,22909,-16535,-6993,15137
-172,-388,1092,21168,5949,-20911,15231
60,-336,1628,-8747,18465,27303,15325
76,44,1216,-11893,-19418,-20471,15419
-128,364,912,-7433,8928,16011,15512
-300,628,816,29574,-23005,20128,15606
-144,532,516,-29753,23099,1571,15700
-68,392,868,-20568,23008,32118,15794
-312,-84,1200,-24500,-30715,-2449,15888
-32,168,1032,-14786,27908,20565,15981
168,1016,968,866,-18010,-11801,16169
-332,84,1340,31058,-32544,15667,16263
-436,112,1108,11808,2012,27568,16357
-200,136,944,-1667,2354,-15220,16451
216,-172,1268,28350,-3592,879,16544
-120,-68,1124,31943,8314,10411,16638
212,208,868,-11016,-10758,-25372,16732
-156,464,876,20128,-17499,-15056,16826
-76,476,716,22224,-21080,-19515,16920
32,460,812,24227,-23186,-13032,17013
-180,-224,1220,12597,28876,-8394,17106
-144,-184,1244,-11983,-3849,-16447,17200
-136,164,1012,-23796,9012,-6036,17294
76,208,892,-18719,11199,96,17388
104,660,904,5775,6917,-1741,17482
-32,452,860,19419,-20471,-5590,17575
-240,164,808,2708,524,-3057,17669
-28,168,916,-10418,-7525,5429,17763
-52,-64,1208,29050,-13036,12167,17857
-44,-140,1272,-16969,-15747,-14608,17951
-44,88,1096,27656,-14433,15229,18044
-108,384,948,-5774,-30443,-27558,18137
-352,420,740,-2886,5860,17762,18231
-68,256,600,-5600,-11378,27393,18325
116,320,964,-25996,19079,-13730,18419
-200,-188,1472,29317,9974,-26510,18512
32,-64,1300,26693,-5167,-7085,18605
272,232,1032,-20905,-17319,-4110,18699
68,220,668,24064,-2975,19867,18793
60,248,884,11726,-13214,-19422,18981
144,156,864,-18808,-11286,31414,19074
52,316,956,-12862,-30537,4203,19168
188,408,1036,-16363,9453,-25721,19262
112,200,940,4114,-25982,-32022,19356
-8,304,852,-19164,31328,-17850,19450
-196,404,820,-13389,-9804,31673,19543
24,312,992,1,-18989,-6299,19636
364,320,1016,2189,-12332,-6561,19730
64,348,888,-20039,-7960,-15749,19824
32,432,1028,31237,-16885,1926,19918
-12,380,928,15925,23974,-9800,20012
136,436,844,15049,-20646,14787,20105
4,380,836,9100,4112,32461,20198
64,396,952,7524,13211,27212,20292
160,392,948,-12337,-4200,-29835,20386
68,440,880,-15312,-12072,13739,20480
48,404,888,-24675,-23799,7264,20574
48,400,908,25286,28000,-21786,20667
76,392,952,16274,-5162,-28611,20760
80,368,984,24412,-19687,19514,20853
108,380,920,-11286,-20212,-9624,20947
88,416,872,-20212,-22486,2451,21041
80,404,892,22750,24937,8226,21135
80,428,900,-8137,4289,-31500,21228
8,392,896,15661,-18024,15839,21321
112,392,896,28085,-4550,-21786,21509
76,420,924,2800,-9186,28875,21603
32,364,920,-29488,-3936,10937,21696
84,380,912,-25026,9800,-21349,21789
128,340,896,17410,-30272,31762,21882
16,392,940,3671,32725,-11287,21976
84,308,900,-32028,15490,31146,22070
-12,252,976,13647,30361,1926,22163
84,256,1040,-30187,4983,-18112,22256
192,232,1000,-8575,26597,18111,22349
168,276,952,-25200,6737,2625,22443
148,280,932,-1751,17764,1662,22537
84,264,944,-1489,14701,-23887,22631
68,268,936,4636,-29049,-28089,22724
80,204,972,31936,-24849,15661,22817
104,224,1000,-3762,30536,21086,22910
132,224,996,12687,5425,24849,23004
108,248,968,-10237,-5687,16361,23098
136,256,940,-19425,-8050,-17762,23191
148,244,976,86,9801,14000,23284
100,228,968,-8575,-3935,-25462,23377
64,236,936,89,27826,22399,23471
16,252,948,5426,23362,16974,23565
32,276,964,-1486,-28700,22049,23658
108,284,972,-25549,13912,-22225,23751
92,292,960,-19775,5600,20125,23844
96,280,976,32724,-19774,19950,23938
92,276,976,-30100,-8311,32025,24032
56,284,948,-10937,-17324,-16186,24125
48,264,948,-7175,28962,28789,24218
68,280,964,10500,26687,-28172,24311
100,276,960,875,-524,-13472,24405
84,272,968,-4900,-17847,-8310,24499
52,256,964,9275,19776,-29397,24592
24,264,964,14525,-17236,11201,24685
32,268,964,7175,-24149,12426,24778
56,288,952,10237,-19686,26514,24872
68,276,972,14700,-27036,-20735,24966
60,296,960,4812,25462,-28085,25059
56,300,956,-10412,14612,7526,25152
68,300,952,-4462,-31499,26251,25245
52,288,960,11725,-16536,-7524,25339
56,300,936,-25286,-8836,9539,25433
48,308,944,26162,4812,-4024,25526
64,300,944,8925,-27211,-7786,25619
56,312,960,-11112,6037,28525,25712
76,308,944,-5512,20650,27562,25806
72,316,956,-7612,24237,-28086,25899
80,300,964,-12424,-27561,29750,25992
72,316,956,-17500,25725,31237,26085
88,312,948,-16450,14962,21700,26178
88,296,952,-11112,-22749,-20736,26272
88,352,956,-8050,30187,8137,26365
108,324,960,-5950,18726,28350,26458
84,308,948,612,13126,13387,26551
52,320,944,-14525,-5511,-20037,26645
36,312,948,-20387,12075,15137,26738
48,284,940,-525,-29661,12862,26924
60,316,932,-3500,32025,-24849,27017
44,288,936,-4637,18900,-31324,27110
56,292,940,-4199,1140,9537,27204
4,324,924,-26599,8053,-28086,27297
12,348,936,18375,23626,7000,27390
-32,376,880,-5512,4028,11374,27483
-60,292,916,-2275,-4374,27824,27576
-76,348,944,-12336,2536,-21525,27670
20,324,992,-18986,-13740,28174,27763
32,328,1008,8575,16711,21435,27856
56,312,936,-19775,-3061,24322,27949
-4,372,912,-23100,-30186,11550,28042
60,380,896,5950,10762,24150,28136
-16,380,868,-23012,7350,18812,28229
48,372,916,7349,-11987,26862,28415
48,328,964,8749,-16625,-29924,28509
76,332,980,-25025,-4987,-26336,28602
76,324,980,8487,19862,21000,28695
80,368,932,6125,-25286,15837,28788
72,356,928,-8050,-2274,-13736,28881
40,356,924,21174,-12424,23800,28974
36,336,940,20299,-29574,24150,29067
76,332,960,32374,-8574,30537,29160
56,320,964,-7962,-23274,24762,29253
40,320,960,-29750,-11636,18725,29346
32,316,984,23274,24937,-29312,29439
40,284,1040,2625,-28085,-6915,29532
16,304,988,-29049,10326,-9453,29625
-76,304,980,-4111,25986,22661,29720
-32,336,960,9801,-2978,6211,29814
36,376,892,25637,27472,13649,29908
84,416,836,10761,5511,-875,30002

Stopped
Enter command>q
Connection closed by foreign host
